1.069024805793759537e+10
1.069080117291510582e+10
1.070998297998441505e+10
1.074806899888658905e+10
1.080470669204973602e+10
1.088000613827807426e+10
1.097329075138185120e+10
1.108411598423466301e+10
1.121133282678791237e+10
1.135369546848040771e+10
1.150939681538569450e+10
1.167669196015736580e+10
1.185468460043477821e+10
1.204299332298629570e+10
1.224195923437180901e+10
1.245278093864405060e+10
1.267843879752852058e+10
1.292691828489396286e+10
1.322907348165384293e+10
1.357738087846621704e+10
1.370034902866369629e+10
1.355274796489833832e+10
1.325857938178778076e+10
1.300880599657090759e+10
1.279443171992628670e+10
1.259928569233592224e+10
1.241606549385734940e+10
1.224145925834807205e+10
1.207371292840670967e+10
1.191131577076703835e+10
1.175371999652285004e+10
1.160733096260675049e+10
1.162676660931348991e+10
1.161252148963124275e+10
1.158629745308525276e+10
1.157224378299545860e+10
1.156714748435712814e+10
1.157182894029953575e+10
1.158580295425193787e+10
1.161105388607651901e+10
1.164831582260173988e+10
1.169544693014498711e+10
1.175414966883626556e+10
1.182454503985257912e+10
1.190505404424954033e+10
1.199571919983427620e+10
1.209665268719122314e+10
1.220717413178849220e+10
1.232837027699504471e+10
1.246513455966371155e+10
1.262939074875175667e+10
1.282588722086731339e+10
1.298256966671014214e+10
1.304870304508166885e+10
1.298519229568773079e+10
1.285787513650006866e+10
1.273152222745420456e+10
1.262360239916945267e+10
1.252623542418131638e+10
1.243516382904903603e+10
1.234824933521669579e+10
1.226562620122113419e+10
1.218920815423141479e+10
1.212080428450740433e+10
1.206186779044928741e+10
1.201445793184421539e+10
1.198492761320526505e+10
1.198006359696235466e+10
1.201233096886097527e+10
1.204328940791716957e+10
1.207712942926801109e+10
1.211836455019922638e+10
1.216568371305863762e+10
1.221873498858702087e+10
1.227571619998566055e+10
1.234101573931550407e+10
1.241455842711620903e+10
1.248796350169978142e+10
1.254498238662142181e+10
1.257213459192444801e+10
1.256272404417279816e+10
1.253105917646386909e+10
1.249596716087600899e+10
1.246046571009249878e+10
1.242362096907323837e+10
1.238487460465936470e+10
1.234578116243994331e+10
1.230822032206761551e+10
1.227402967373724937e+10
1.224509897974723625e+10
1.222243944868417740e+10
1.220657213403182602e+10
1.219780722242498970e+10
1.219638143121888161e+10
1.220540698795890617e+10
1.222259505632717323e+10
1.224197255146177101e+10
1.226115536553734016e+10
1.227724522776161003e+10
1.228333865957334518e+10
1.227764431883473396e+10
1.226392479312730408e+10
1.224455948573377419e+10
1.222412601135211754e+10
1.220451624336581230e+10
1.218650837632228470e+10
1.217063024623233986e+10
1.215730408934779739e+10
1.214739192018626022e+10
1.214105649899765587e+10
1.213867699113028145e+10
1.214009197622144699e+10
1.214490867479551315e+10
1.215257200669777107e+10
1.216069617595344353e+10
1.216696964282498360e+10
1.216981171611013985e+10
1.216957586366420746e+10
1.216653063911682892e+10
1.216177238489729118e+10
1.215702112605830193e+10
1.215366730544237518e+10
1.215308865418054390e+10
1.215582587211162567e+10
1.216195111683770370e+10
1.217134200721589661e+10
1.218323121824413300e+10
1.219586623732524681e+10
1.220779365649072456e+10
1.221791638335939980e+10
1.222450118465745735e+10
1.222645534484918022e+10
1.222397449738400841e+10
1.221862896682906914e+10
1.221209897491215324e+10
1.220586327747110558e+10
1.220125716057580566e+10
1.219869432746208382e+10
1.219798000087847137e+10
1.219860105997667694e+10
1.219997632784210014e+10
1.220153503259611320e+10
1.220214417943070221e+10
1.220034800327944756e+10
1.219601069228469467e+10
1.218967861627589035e+10
1.218216769208978271e+10
1.217376749275397301e+10
1.216519119042335701e+10
1.215694407684167671e+10
1.214908225521640778e+10
1.214169984543445206e+10
1.213522926549572754e+10
1.212977609801095200e+10
1.212530150732026291e+10
1.212189903080364418e+10
1.212047641885367393e+10
1.212163508141253090e+10
1.212552282365251923e+10
1.213177024837180710e+10
1.214010626160544014e+10
1.214971157376025200e+10
1.215976797155573082e+10
1.216904461319264030e+10
1.217618647689191437e+10
1.217971152841739082e+10
1.217959733389061356e+10
1.217628438828673553e+10
1.217119750458613205e+10
1.216600359279574394e+10
1.216134970620049286e+10
1.215785658585234833e+10
1.215614350421598244e+10
1.215599391101334572e+10
1.215691370548623848e+10
1.215806517820950317e+10
1.215826834463747215e+10
1.215643851879684830e+10
1.215298106845482826e+10
1.214807268345825577e+10
1.214196377383273697e+10
1.213559216234563637e+10
1.212931056666824722e+10
1.212290721661379814e+10
1.211755063587288284e+10
1.211337520453922462e+10
1.211042153873265457e+10
1.210878490155221367e+10
1.210849517340895653e+10
1.210987669125827217e+10
1.211346438935947990e+10
1.211897933348222733e+10
1.212558039336973190e+10
1.213258533069206619e+10
1.213876533124227333e+10
1.214290159492652512e+10
1.214469163313603020e+10
1.214429719818641090e+10
1.214123047010506630e+10
1.213654721579680824e+10
1.213145645809729767e+10
1.212652054554637718e+10
1.212360924706726074e+10
1.212343216536089706e+10
1.212582565589725113e+10
1.213048081691947365e+10
1.213705052145032692e+10
1.214495049598910904e+10
1.215348169148748970e+10
1.216130710269116592e+10
1.216700001310513115e+10
1.217003411166404533e+10
1.216980084823385620e+10
1.216522683398588753e+10
1.215650370762147713e+10
1.214450950315580559e+10
1.213040511461388206e+10
1.211611136661840820e+10
1.210324183952170372e+10
1.209260217547379684e+10
1.208450203562957764e+10
1.207919182851292801e+10
1.207732987538351440e+10
1.207917767464650917e+10
1.208467335047573090e+10
1.209332405315250397e+10
1.210391337926510048e+10
1.211495355176065445e+10
1.212451000628279495e+10
1.213146087211714935e+10
1.213577710929485703e+10
1.213727086594087219e+10
1.213539904316912270e+10
1.213111779692720032e+10
1.212631014933652878e+10
1.212210514441796112e+10
1.211947710752206230e+10
1.211900669478495979e+10
1.212057375701498222e+10
1.212357521875783157e+10
1.212684739855467987e+10
1.212966300806748199e+10
1.213167112442253876e+10
1.213232078233444977e+10
1.213052370850641060e+10
1.212621785578942108e+10
1.212009569320873642e+10
1.211294898565824318e+10
1.210574416601551437e+10
1.209926057803120422e+10
1.209373255633936691e+10
1.208895214054935074e+10
1.208481286579648399e+10
1.208224517079952240e+10
1.208158813433314705e+10
1.208257763725217247e+10
1.208474102980964661e+10
1.208761777945849419e+10
1.209091818267144394e+10
1.209424801200161934e+10
1.209774241531060982e+10
1.210142974469204330e+10
1.210480429505852699e+10
1.210696893233318138e+10
1.210709977465322495e+10
1.210585936793584442e+10
1.210396669701715279e+10
1.210160493555709648e+10
1.209915034296423531e+10
1.209704144192935562e+10
1.209574577152606010e+10
1.209574345809329796e+10
1.209758867981943130e+10
1.210137053860546303e+10
1.210638471745318794e+10
1.211152671473609543e+10
1.211548791274210739e+10
1.211734442690933609e+10
1.211719093658914566e+10
1.211502070003551102e+10
1.211074490656982803e+10
1.210493479615078926e+10
1.209834919828672600e+10
1.209194468903866386e+10
1.208646383648548126e+10
1.208239538616752052e+10
1.207962459671318436e+10
1.207778038367488480e+10
1.207642334083429527e+10
1.207557353313486862e+10
1.207550082698128319e+10
1.207630365082274437e+10
1.207778292091455269e+10
1.207984894253664589e+10
1.208256718721267509e+10
1.208586881055486679e+10
1.208944103846183968e+10
1.209300198603643036e+10
1.209605086626023674e+10
1.209759267187625122e+10
1.209692975687443542e+10
1.209461909020575905e+10
1.209138913802961159e+10
1.208790325439164162e+10
1.208482739670225906e+10
1.208296567145950699e+10
1.208271611625645447e+10
1.208403679471081161e+10
1.208666619037833023e+10
1.209015537706004333e+10
1.209360992630175209e+10
1.209552089206212234e+10
1.209486569669474220e+10
1.209187412884225655e+10
1.208727340650029755e+10
1.208155076868795776e+10
1.207589235906847000e+10
1.207160057588125801e+10
1.206901015598950005e+10
1.206823940372627258e+10
1.206918452554236412e+10
1.207183952472606277e+10
1.207569582155333138e+10
1.207954675855422974e+10
1.208249386810596466e+10
1.208427852366389275e+10
1.208492087652917480e+10
1.208422410994645882e+10
1.208317047812742043e+10
1.208267813316019821e+10
1.208295877004259300e+10
1.208393315427319717e+10
1.208530468901517677e+10
1.208678823203198814e+10
1.208812807801048851e+10
1.208842601260016060e+10
1.208726849226794624e+10
1.208492499160998535e+10
1.208165927659365463e+10
1.207771720203221130e+10
1.207413051473923302e+10
1.207150520359592247e+10
1.206998361833283424e+10
1.206951396321130371e+10
1.206998730543936920e+10
1.207116051042723465e+10
1.207269705745088577e+10
1.207373262749357033e+10
1.207394667808515739e+10
1.207345696374000740e+10
1.207221849602628326e+10
1.207048556652996254e+10
1.206906186965127373e+10
1.206817914572847748e+10
1.206783179780790710e+10
1.206806937738627625e+10
1.206899585451830864e+10
1.207043121839340591e+10
1.207170616562823296e+10
1.207213942876125908e+10
1.207163702162126732e+10
1.207034198239643097e+10
1.206855754726412582e+10
1.206682911562565613e+10
1.206582105273695564e+10
1.206557009305883980e+10
1.206592962066780281e+10
1.206692479477829552e+10
1.206849713474821663e+10
1.207032268852135468e+10
1.207151178568294907e+10
1.207148227758641243e+10
1.207026697290505981e+10
1.206807966568067169e+10
1.206548899800334549e+10
1.206340013602418900e+10
1.206240644079760551e+10
1.206245278049132729e+10
1.206351769800401497e+10
1.206546932060848427e+10
1.206809999496117020e+10
1.207079887736238861e+10
1.207246054519299126e+10
1.207249906767013931e+10
1.207083764933732224e+10
1.206772181943849754e+10
1.206393465990798187e+10
1.206051439550718307e+10
1.205787392714956856e+10
1.205619829331860924e+10
1.205561589817487717e+10
1.205626608276219940e+10
1.205808035154100037e+10
1.206046654149887657e+10
1.206273476512246895e+10
1.206446534130964088e+10
1.206536372077179527e+10
1.206527697529906845e+10
1.206470626682636452e+10
1.206431007921790695e+10
1.206418264394162941e+10
1.206416820176748848e+10
1.206418590060479546e+10
1.206414945348977470e+10
1.206389368894907951e+10
1.206301996558664322e+10
1.206154332465583229e+10
1.205951969580609322e+10
1.205704731637988472e+10
1.205436760672198105e+10
1.205216764385641479e+10
1.205095215574579430e+10
1.205084329798328018e+10
1.205180725191438293e+10
1.205360951062713623e+10
1.205605326653915405e+10
1.205860794881060219e+10
1.206058104634151840e+10
1.206169384389827538e+10
1.206184075717264175e+10
1.206097824879017258e+10
1.205925758968422890e+10
1.205727074212891388e+10
1.205542039390978813e+10
1.205414630739378738e+10
1.205351861408126259e+10
1.205345974096245193e+10
1.205400515565296173e+10
1.205481744334862328e+10
1.205548196859103012e+10
1.205600307403300667e+10
1.205619629818815613e+10
1.205580333929672813e+10
1.205480646062985802e+10
1.205341828866691399e+10
1.205196443733688164e+10
1.205082388498773956e+10
1.205010892479999924e+10
1.204989046511577606e+10
1.205015607231374931e+10
1.205065214339760399e+10
1.205136689280004501e+10
1.205240978544201279e+10
1.205367468755837822e+10
1.205493574575681114e+10
1.205608597937105560e+10
1.205679845133385086e+10
1.205696487399302864e+10
1.205666110993170929e+10
1.205600607997032928e+10
1.205507781114348412e+10
1.205377248603388405e+10
1.205196147615580940e+10
1.204990048031643295e+10
1.204783681142818832e+10
1.204600563865515518e+10
1.204459179587165642e+10
1.204373341085292053e+10
1.204329824671390915e+10
1.204324464649903107e+10
1.204369650307757950e+10
1.204470956229643822e+10
1.204627903564246178e+10
1.204802780219590759e+10
1.204962777602199364e+10
1.205093991574191666e+10
1.205188880654867935e+10
1.205246721083532143e+10
1.205268286039130211e+10
1.205258592471981239e+10
1.205206148029408264e+10
1.205109726881648254e+10
1.204988266450374603e+10
1.204862994098081779e+10
1.204737645838023376e+10
1.204600056934879112e+10
1.204466843456677055e+10
1.204361454277091217e+10
1.204291940374904251e+10
1.204268148720906067e+10
1.204284045544960594e+10
1.204332192942260170e+10
1.204399172578261948e+10
1.204475062483990097e+10
1.204545311153076172e+10
1.204600910036369896e+10
1.204611376270183182e+10
1.204570679183297539e+10
1.204505067813326263e+10
1.204437233567566872e+10
1.204386272608772659e+10
1.204360728263526917e+10
1.204368843183582497e+10
1.204408333778207970e+10
1.204478858231501389e+10
1.204564599036518669e+10
1.204639114933327293e+10
1.204661429246219826e+10
1.204607904923152542e+10
1.204489403925714493e+10
1.204342003362058640e+10
1.204192934800941467e+10
1.204079033607749367e+10
1.204014781219198799e+10
1.204012187183959198e+10
1.204079156556267548e+10
1.204207912353515053e+10
1.204374662937870789e+10
1.204528595354547882e+10
1.204613713258746719e+10
1.204620966770437241e+10
1.204562725599658394e+10
1.204454320491157722e+10
1.204334338429517174e+10
1.204243224397579575e+10
1.204203243856864738e+10
1.204219505841166878e+10
1.204302459624978638e+10
1.204440455740420341e+10
1.204601406369113731e+10
1.204717117232147980e+10
1.204742360848555565e+10
1.204669212503852654e+10
1.204497188058536339e+10
1.204253974124540138e+10
1.204013126535916328e+10
1.203830869708601952e+10
1.203735233448090553e+10
1.203738147228372002e+10
1.203839005999059296e+10
1.204015266248681831e+10
1.204218591655303001e+10
1.204386244835471344e+10
1.204492057891671753e+10
1.204516643811545944e+10
1.204446535429197121e+10
1.204298975059085083e+10
1.204140278701413155e+10
1.204014459079993439e+10
1.203937627125106621e+10
1.203926179585832214e+10
1.203983629716382599e+10
1.204086193976048470e+10
1.204182459396508408e+10
1.204234141453181458e+10
1.204224777115223885e+10
1.204141631550956726e+10
1.203987008866636086e+10
1.203811550574347687e+10
1.203681754592215729e+10
1.203627705805051422e+10
1.203647960226760483e+10
1.203735687949014091e+10
1.203874100184747696e+10
1.204020408314624023e+10
1.204134078714832497e+10
1.204179599827316284e+10
1.204148786404513550e+10
1.204036087956444359e+10
1.203878056151125717e+10
1.203734714554918671e+10
1.203652585414295197e+10
1.203647042014340782e+10
1.203711740341286087e+10
1.203827359931761169e+10
1.203964903751080513e+10
1.204093403771239281e+10
1.204182037636392021e+10
1.204199083980583954e+10
1.204127775088471031e+10
1.203985939395265961e+10
1.203821932506154442e+10
1.203681167667752075e+10
1.203588743012992859e+10
1.203555798774037552e+10
1.203571458080616379e+10
1.203611420743357277e+10
1.203662794533853149e+10
1.203707532403058434e+10
1.203730305290544319e+10
1.203719336548574829e+10
1.203672480163102341e+10
1.203627638124616432e+10
1.203611130772409439e+10
1.203637104238589859e+10
1.203704314774764252e+10
1.203800852274843979e+10
1.203893798540546036e+10
1.203952479194993973e+10
1.203967119023809624e+10
1.203925099942501831e+10
1.203821327653511620e+10
1.203664493034613991e+10
1.203493030017966652e+10
1.203348757875129128e+10
1.203255681206446266e+10
1.203233109120922089e+10
1.203282994756296349e+10
1.203391834615510750e+10
1.203538251347064972e+10
1.203707886717670631e+10
1.203880252933655167e+10
1.204029768243615341e+10
1.204133778647842407e+10
1.204189273156496811e+10
1.204210886802189636e+10
1.204202701096856117e+10
1.204176959311029053e+10
1.204129992325437927e+10
1.204063188789795113e+10
1.203983681773446274e+10
1.203895930487873650e+10
1.203815837836782837e+10
1.203751355939179802e+10
1.203691797635872078e+10
1.203648296394258499e+10
1.203625844482179451e+10
1.203626584538434219e+10
1.203654439005822945e+10
1.203696141083393860e+10
1.203736475053256226e+10
1.203761643544592476e+10
1.203769490029266357e+10
1.203765205493718529e+10
1.203752194554907799e+10
1.203727723259717941e+10
1.203697472581290627e+10
1.203671218706805229e+10
1.203654263933318901e+10
1.203651625175183678e+10
1.203666177895330811e+10
1.203698399960497665e+10
1.203743655711188126e+10
1.203804780346854973e+10
1.203878000564224625e+10
1.203961668315327263e+10
1.204037912448928833e+10
1.204090772263043976e+10
1.204123016388331985e+10
1.204123471369108009e+10
1.204084895827270889e+10
1.204013005001232719e+10
1.203915462575301170e+10
1.203807002415102196e+10
1.203701115608928299e+10
1.203624457063688660e+10
1.203587330169298553e+10
1.203590391872263336e+10
1.203632657149732208e+10
1.203710364477155685e+10
1.203808845554952240e+10
1.203905177352104950e+10
1.203973629630461693e+10
1.204002987081948471e+10
1.203990312378946877e+10
1.203941681124797821e+10
1.203869283754648399e+10
1.203787113573165131e+10
1.203702622800476646e+10
1.203619307244337845e+10
1.203546459070815849e+10
1.203498274253852272e+10
1.203466079251068497e+10
1.203449038630498505e+10
1.203442169263595390e+10
1.203452982575927162e+10
1.203483709133294678e+10
1.203537370737381363e+10
1.203617445090563583e+10
1.203713387950700378e+10
1.203811543832242584e+10
1.203905851379186821e+10
1.203983743699430275e+10
1.204034924625158691e+10
1.204049708772627068e+10
1.204020174703909302e+10
1.203952435325569725e+10
1.203865442732526970e+10
1.203785952056753349e+10
1.203730653252023697e+10
1.203716851756646156e+10
1.203740199041954422e+10
1.203790668876566696e+10
1.203847840865020943e+10
1.203906449188057518e+10
1.203950286922877121e+10
1.203969393624509621e+10
1.203963064940814400e+10
1.203937704729542542e+10
1.203896845955613899e+10
1.203862500373373795e+10
1.203838412815930557e+10
1.203825689361116409e+10
1.203816212754930496e+10
1.203798526699546432e+10
1.203770802387463188e+10
1.203742217056986237e+10
1.203713754959205627e+10
1.203690733260951042e+10
1.203676666541408730e+10
1.203683003506044579e+10
1.203713581231292725e+10
1.203770402981762505e+10
1.203852602561434937e+10
1.203939737786668205e+10
1.204005990403421783e+10
1.204029758968750954e+10
1.204014922253613853e+10
1.203965400380087471e+10
1.203894713335534286e+10
1.203821927832594872e+10
1.203758301829298401e+10
1.203707340797300911e+10
1.203675228861200142e+10
1.203668067890101242e+10
1.203687166237938881e+10
1.203723224123595810e+10
1.203761003907058907e+10
1.203794386738932800e+10
1.203828259956796265e+10
1.203866414281785774e+10
1.203900854312610817e+10
1.203932953164920425e+10
1.203956296784962273e+10
1.203969002333419037e+10
1.203967676891259384e+10
1.203958564812616920e+10
1.203936887942398834e+10
1.203893970403205299e+10
1.203830280566564941e+10
1.203758023411068344e+10
1.203698972473197746e+10
1.203666349723895073e+10
1.203662598713024521e+10
1.203684221759963989e+10
1.203722095822828674e+10
1.203768940401934052e+10
1.203819149271123123e+10
1.203866530660595322e+10
1.203905625293170166e+10
1.203924636150387383e+10
1.203925625200303268e+10
1.203925423054143143e+10
1.203926998389717102e+10
1.203932546459666634e+10
1.203937887473772240e+10
1.203935085325789833e+10
1.203920207000963783e+10
1.203896839638018417e+10
1.203869226947345352e+10
1.203836262030643845e+10
1.203804615631645203e+10
1.203783068553675461e+10
1.203789808509049034e+10
1.203836969071789169e+10
1.203917529399431801e+10
1.204018572503535843e+10
1.204114325598272705e+10
1.204181866640772057e+10
1.204211982335495377e+10
1.204202781589129257e+10
1.204165172690423203e+10
1.204105188295915031e+10
1.204040427587905121e+10
1.203985121772699165e+10
1.203954760968243790e+10
1.203952701076896095e+10
1.203973295102484322e+10
1.204002887220980453e+10
1.204026600304774666e+10
1.204039675640958786e+10
1.204036807807776642e+10
1.204016024458506012e+10
1.203985906433391571e+10
1.203950953962512779e+10
1.203924444993989563e+10
1.203917345121622849e+10
1.203927749533512878e+10
1.203949797344544601e+10
1.203968240017000580e+10
1.203968228201749802e+10
1.203948725779517937e+10
1.203911685705558777e+10
1.203866982921599579e+10
1.203826785780004120e+10
1.203803595489095688e+10
1.203816385747554588e+10
1.203870972716014099e+10
1.203960087609149361e+10
1.204066503493380737e+10
1.204170102937187195e+10
1.204246536717529106e+10
1.204283328959345436e+10
1.204286518480486870e+10
1.204261786690054512e+10
1.204214556777651978e+10
1.204157973618879318e+10
1.204103726016723251e+10
1.204070850925951004e+10
1.204061146276929855e+10
1.204078505049526978e+10
1.204106589560052872e+10
1.204126597070488167e+10
1.204132286689592934e+10
1.204133730798135376e+10
1.204137322953058624e+10
1.204145178443216515e+10
1.204161376198277283e+10
1.204182301398584747e+10
1.204216652940258598e+10
1.204262115074347878e+10
1.204305596312531471e+10
1.204328662723867035e+10
1.204313953320376778e+10
1.204257100555325699e+10
1.204174260326862717e+10
1.204090344453695107e+10
1.204021374246695328e+10
1.203980521334440041e+10
1.203975241292414284e+10
1.204011872502662468e+10
1.204087853185163307e+10
1.204187426765671158e+10
1.204290947627378082e+10
1.204367849123939514e+10
1.204400524942279243e+10
1.204389431961741638e+10
1.204348212342912483e+10
1.204291163982067299e+10
1.204229744136635208e+10
1.204175344384667969e+10
1.204140167152606773e+10
1.204135594398831558e+10
1.204159172150587654e+10
1.204195934823185349e+10
1.204226912017552757e+10
1.204234505193351364e+10
1.204223732635722351e+10
1.204204801730777168e+10
1.204192591872132301e+10
1.204189970962754250e+10
1.204204336003326607e+10
1.204239832193017578e+10
1.204294208394755745e+10
1.204361736123675156e+10
1.204424413595809555e+10
1.204471326677913284e+10
1.204477521816275978e+10
1.204439889703766441e+10
1.204373634706515121e+10
1.204293665306402969e+10
1.204216539812015533e+10
1.204155683234182930e+10
1.204125191862301445e+10
1.204127252698517609e+10
1.204158503779927826e+10
1.204212125138498497e+10
1.204274815721734047e+10
1.204336572358011055e+10
1.204377438508506584e+10
1.204394830147019768e+10
1.204391300039113808e+10
1.204374026220012474e+10
1.204344020054619217e+10
1.204310149659808731e+10
1.204283806949858665e+10
1.204268335068471146e+10
1.204259530387196732e+10
1.204261902970198822e+10
1.204271395326609802e+10
1.204289253786625862e+10
1.204314923243990898e+10
1.204344940909153175e+10
1.204376291986888695e+10
1.204406538338392639e+10
1.204428428117403030e+10
1.204444913460528755e+10
1.204460788666368675e+10
1.204476053779309082e+10
1.204490983782926750e+10
1.204506796688389778e+10
1.204523186387486076e+10
1.204530657386053085e+10
1.204530144532514572e+10
1.204517582910753632e+10
1.204495419000601768e+10
1.204457082114884567e+10
1.204407039202621651e+10
1.204356140794887733e+10
1.204320020494214630e+10
1.204298282750240135e+10
1.204303457707853889e+10
1.204332805386684418e+10
1.204376619809539223e+10
1.204424481078140259e+10
1.204463254069270325e+10
1.204481864771432304e+10
1.204470988018084908e+10
1.204421882931625366e+10
1.204350761171123505e+10
1.204274589013790321e+10
1.204217018742114639e+10
1.204189835338388824e+10
1.204199439855013847e+10
1.204243593023567581e+10
1.204310998879142761e+10
1.204391604540541649e+10
1.204468335837441826e+10
1.204525688793597221e+10
1.204552310669857597e+10
1.204543853299423409e+10
1.204520335043002129e+10
1.204495020266984367e+10
1.204484544737333107e+10
1.204500404048825836e+10
1.204539268384475136e+10
1.204591725623514175e+10
1.204645482861175728e+10
1.204688248318301773e+10
1.204706823007381821e+10
1.204686339061709213e+10
1.204630641745286369e+10
1.204555283475276375e+10
1.204488130533312225e+10
1.204452585308992577e+10
1.204461197777937126e+10
1.204512544164933395e+10
1.204591983673735428e+10
1.204682714482614517e+10
1.204761629308021355e+10
1.204808665775064087e+10
1.204810251786062241e+10
1.204765862825388527e+10
1.204686918490182877e+10
1.204606397643657875e+10
1.204543866859524727e+10
1.204522272307719040e+10
1.204537103328244019e+10
1.204586010684360123e+10
1.204650869040005302e+10
1.204718738387593842e+10
1.204767756593527794e+10
1.204781207377249718e+10
1.204744420508828735e+10
1.204670582400284386e+10
1.204579288082374954e+10
1.204502084826301003e+10
1.204458355728871727e+10
1.204455552622792625e+10
1.204491688503000832e+10
1.204547677435895538e+10
1.204615146570314980e+10
1.204673608728158951e+10
1.204705536287798691e+10
1.204700969566149902e+10
1.204660355187068939e+10
1.204600369586672401e+10
1.204543292607390022e+10
1.204510375579679108e+10
1.204508307805698395e+10
1.204531761602732849e+10
1.204572771495357513e+10
1.204614280096186447e+10
1.204650405792664528e+10
1.204672316786396790e+10
1.204674495947610474e+10
1.204649199261524963e+10
1.204609947750557518e+10
1.204575412528464890e+10
1.204555651227773857e+10
1.204564738203184319e+10
1.204595531237985420e+10
1.204638606995500755e+10
1.204681545013298798e+10
1.204714620656221199e+10
1.204740153658901596e+10
1.204751802063424683e+10
1.204749095720110512e+10
1.204737003492248726e+10
1.204725137896297073e+10
1.204725907761125565e+10
1.204742402147699928e+10
1.204770190904162216e+10
1.204801368474289703e+10
1.204822993006645775e+10
1.204834928749663734e+10
1.204835751316602898e+10
1.204826281450865746e+10
1.204805719571913719e+10
1.204785695034754562e+10
1.204772031494678116e+10
1.204773879120707512e+10
1.204792199449228668e+10
1.204824189147100639e+10
1.204848315021620369e+10
1.204860197099950027e+10
1.204847946688228035e+10
1.204824100608168221e+10
1.204791784745706749e+10
1.204763665696284866e+10
1.204742478154025841e+10
1.204740393036344337e+10
1.204763924996136475e+10
1.204808658782070732e+10
1.204863615243712234e+10
1.204911240572594261e+10
1.204930959971809769e+10
1.204916251625699234e+10
1.204873695382336426e+10
1.204821457884142876e+10
1.204770748129674149e+10
1.204731891176391602e+10
1.204715243566973305e+10
1.204724289315584564e+10
1.204761799428350830e+10
1.204810432783772659e+10
1.204853668629176521e+10
1.204870332651992989e+10
1.204845920538348389e+10
1.204791136156435966e+10
1.204722248036906624e+10
1.204655390091047478e+10
1.204605596943285942e+10
1.204585579684630775e+10
1.204596830683408165e+10
1.204642188729229355e+10
1.204710093199913979e+10
1.204783952937240028e+10
1.204844818800755882e+10
1.204877401541419983e+10
1.204880218018215561e+10
1.204864401926904106e+10
1.204846586520415688e+10
1.204833187503565979e+10
1.204830681974239540e+10
1.204846128303163910e+10
1.204879003681340408e+10
1.204919314838462067e+10
1.204958316460875511e+10
1.204989375010487366e+10
1.204999467873176384e+10
1.204981801837891579e+10
1.204949100839935684e+10
1.204909915320561409e+10
1.204877390471684265e+10
1.204856702731751823e+10
1.204857715961790085e+10
1.204881713357953072e+10
1.204919743818213272e+10
1.204957665541378784e+10
1.204991094170153999e+10
1.205013675220250702e+10
1.205018407798264122e+10
1.205007329214186478e+10
1.204988376462587166e+10
1.204968851858910370e+10
1.204946065613229179e+10
1.204927867514422035e+10
1.204914810720306015e+10
1.204904795673346138e+10
1.204900448031110191e+10
1.204900630719472313e+10
1.204905818822323990e+10
1.204912387357112694e+10
1.204914723897015572e+10
1.204917097286166000e+10
1.204919326150733757e+10
1.204922996709822655e+10
1.204922670152167320e+10
1.204923363624126244e+10
1.204933610644089699e+10
1.204944544135369301e+10
1.204952159640344429e+10
1.204961307642069054e+10
1.204971032332817841e+10
1.204975681347990227e+10
1.204975907753462791e+10
1.204976926179854012e+10
1.204976280115511513e+10
1.204973554425235939e+10
1.204968868325546074e+10
1.204964631746121216e+10
1.204967527741591454e+10
1.204976748874180603e+10
1.204994259099836159e+10
1.205016519971365166e+10
1.205042366225317574e+10
1.205060039078910828e+10
1.205073132869272423e+10
1.205075483272186661e+10
1.205061711016172218e+10
1.205033374004473114e+10
1.204998615279439735e+10
1.204966450256894493e+10
1.204946400759179306e+10
1.204943436777849197e+10
1.204955038191402054e+10
1.204983836498472977e+10
1.205014288507608986e+10
1.205041729410030174e+10
1.205064425881678772e+10
1.205073544167916679e+10
1.205060853039917564e+10
1.205034154739992523e+10
1.205007503947397614e+10
1.204995086994058228e+10
1.205001884863936424e+10
1.205029757326195526e+10
1.205076529455172157e+10
1.205126939798268890e+10
1.205164402420228004e+10
1.205184885083718872e+10
1.205176223505998039e+10
1.205135641342156792e+10
1.205068157749227333e+10
1.204997581331504440e+10
1.204943244457022858e+10
1.204916983735123825e+10
1.204923748820742798e+10
1.204964858824279022e+10
1.205028301224113464e+10
1.205092917012257767e+10
1.205146260820366669e+10
1.205176577049626923e+10
1.205172654949939728e+10
1.205134607806775475e+10
1.205082389900042152e+10
1.205029377896429443e+10
1.204991108648134995e+10
1.204976299519068336e+10
1.204990999579843140e+10
1.205029182098399162e+10
1.205079047884340858e+10
1.205125999664617729e+10
1.205162096465386581e+10
1.205173860504468918e+10
1.205159969727647781e+10
1.205126492433235550e+10
1.205091423992299271e+10
1.205068677629784584e+10
1.205057705686841774e+10
1.205065313978592491e+10
1.205087276462190056e+10
1.205113691195581245e+10
1.205138407902464294e+10
1.205149764495125771e+10
1.205144870222216606e+10
1.205114533058259773e+10
1.205069586808735657e+10
1.205027947585980034e+10
1.205005870310621643e+10
1.205013327047816849e+10
1.205047860040171242e+10
1.205101174511693954e+10
1.205156494128344727e+10
1.205203241311662292e+10
1.205232689828854179e+10
1.205235053086499405e+10
1.205203964411915398e+10
1.205148509322120476e+10
1.205083974721520996e+10
1.205029506976725769e+10
1.205001368221980667e+10
1.204999524457834053e+10
1.205019091071288681e+10
1.205046311720839691e+10
1.205074910689495277e+10
1.205097172985090637e+10
1.205109366114555931e+10
1.205114580690937233e+10
1.205114157096680641e+10
1.205120525314527512e+10
1.205140890407995033e+10
1.205179743334395790e+10
1.205227651608824348e+10
1.205271612124370003e+10
1.205297430629242325e+10
1.205294037135399246e+10
1.205265750990513992e+10
1.205220121629429817e+10
1.205164641102804184e+10
1.205113230035004616e+10
1.205078461253024101e+10
1.205074883598805237e+10
1.205101445717981911e+10
1.205155842266017532e+10
1.205221780442770004e+10
1.205275983040953255e+10
1.205295373156613731e+10
1.205272018911596489e+10
1.205216450762865829e+10
1.205144158603201866e+10
1.205070757787772560e+10
1.205012644993507767e+10
1.204984717223688316e+10
1.204993715909047318e+10
1.205032698702804947e+10
1.205089287037182045e+10
1.205136447925058365e+10
1.205159054697412109e+10
1.205147678928057289e+10
1.205108617945167542e+10
1.205053063347279358e+10
1.204993461124180031e+10
1.204947324885351753e+10
1.204930537433549500e+10
1.204948047788017845e+10
1.204996457648599434e+10
1.205063906379565048e+10
1.205133435627641106e+10
1.205181558604310989e+10
1.205192909742255783e+10
1.205171592425745010e+10
1.205130827554593086e+10
1.205084267707342720e+10
1.205046771920827103e+10
1.205035382740917206e+10
1.205054313954750443e+10
1.205104733886525726e+10
1.205170525367090416e+10
1.205239133486853981e+10
1.205293215842567635e+10
1.205317470692653465e+10
1.205310477645593834e+10
1.205280089283271980e+10
1.205235866187470818e+10
1.205186211606759834e+10
1.205153039343413734e+10
1.205146116916533661e+10
1.205174192894648361e+10
1.205216898810252190e+10
1.205268880345838165e+10
1.205311657683907509e+10
1.205336237342710304e+10
1.205333924027564621e+10
1.205309901926051140e+10
1.205270302738006783e+10
1.205219624472937584e+10
1.205167126329606819e+10
1.205121574553209686e+10
1.205095577502932739e+10
1.205085935193734360e+10
1.205095272180592537e+10
1.205115723963954926e+10
1.205131587292564583e+10
1.205140388301060486e+10
1.205140289853984833e+10
1.205134509114648819e+10
1.205124694490108681e+10
1.205117124893925476e+10
1.205111071059250259e+10
1.205114695008696747e+10
1.205125833567647171e+10
1.205144216646023369e+10
1.205165903649317932e+10
1.205180983095254135e+10
1.205184286384593964e+10
1.205170293920224953e+10
1.205141159786393738e+10
1.205103843930786324e+10
1.205064346543020630e+10
1.205032472192368889e+10
1.205010597584895515e+10
1.205005385960882568e+10
1.205010614373519897e+10
1.205030237717694664e+10
1.205061957992658043e+10
1.205100420164545822e+10
1.205138315191316986e+10
1.205162983015823364e+10
1.205174361237740517e+10
1.205166149739055252e+10
1.205137484566971588e+10
1.205099403826743317e+10
1.205065951027170372e+10
1.205037677104006195e+10
1.205018779845462418e+10
1.205013247180721092e+10
1.205024235024453545e+10
1.205041930343956375e+10
1.205058973924758720e+10
1.205069762335433006e+10
1.205074077811036873e+10
1.205074475668761635e+10
1.205073255728059006e+10
1.205074275392820168e+10
1.205088105951217461e+10
1.205116883159862328e+10
1.205158392531685066e+10
1.205214502949096107e+10
1.205273804799707794e+10
1.205322018965734100e+10
1.205352656447256660e+10
1.205355177579947090e+10
1.205324168543281937e+10
1.205263524489778709e+10
1.205186162687560272e+10
1.205118316262379646e+10
1.205071271515373039e+10
1.205057489496635246e+10
1.205076483225992203e+10
1.205119975901031876e+10
1.205175614759898758e+10
1.205224544049529839e+10
1.205252298593789291e+10
1.205248845602317810e+10
1.205204691010564041e+10
1.205126114986723518e+10
1.205037397156396103e+10
1.204960614682478142e+10
1.204911634181079292e+10
1.204903121909872246e+10
1.204932614780455971e+10
1.204992983234764862e+10
1.205065369329576683e+10
1.205134389513594437e+10
1.205183526295008469e+10
1.205196866229598427e+10
1.205172686020335388e+10
1.205122901117526627e+10
1.205071523818430901e+10
1.205030844644497108e+10
1.205014089320287895e+10
1.205020713625206757e+10
1.205045887941563225e+10
1.205082190362917519e+10
1.205111716216214561e+10
1.205127310199978447e+10
1.205118139928227043e+10
1.205083104796908569e+10
1.205028480022944069e+10
1.204977980534155655e+10
1.204947160424460411e+10
1.204945280372152328e+10
1.204979865179180527e+10
1.205037240304583549e+10
1.205100796651557732e+10
1.205153055315789795e+10
1.205177851671860313e+10
1.205169422161122322e+10
1.205125986062636948e+10
1.205054014984876251e+10
1.204978818408897400e+10
1.204919827806620598e+10
1.204891036646183205e+10
1.204896006022029686e+10
1.204932067191950226e+10
1.204989509851646996e+10
1.205047569539519691e+10
1.205096395705001068e+10
1.205126020540171242e+10
1.205129328550213623e+10
1.205111302443804359e+10
1.205084967171661758e+10
1.205062164502727890e+10
1.205051784696964073e+10
1.205054227896321869e+10
1.205069322120362282e+10
1.205081788397331810e+10
1.205078061256562996e+10
1.205061351146033287e+10
1.205024761523685074e+10
1.204980168654405022e+10
1.204935223939944458e+10
1.204908185842882729e+10
1.204914239108826256e+10
1.204953116093250847e+10
1.205024879223784065e+10
1.205112035554263306e+10
1.205193370891232491e+10
1.205248082791301918e+10
1.205268087783117104e+10
1.205250536457169342e+10
1.205196846661723900e+10
1.205118062068714905e+10
1.205035197323066902e+10
1.204961604663092232e+10
1.204915060559267235e+10
1.204893609737162781e+10
1.204895456062022400e+10
1.204912332277980423e+10
1.204928136420078087e+10
1.204939301562838936e+10
1.204947649574297142e+10
1.204949248419173431e+10
1.204943155267093277e+10
1.204935209806138802e+10
1.204928999038560677e+10
1.204930682838532639e+10
1.204936649108070183e+10
1.204948539910261536e+10
1.204957443002642250e+10
1.204952888315857887e+10
1.204929981221560097e+10
1.204896172291852760e+10
1.204862315742928123e+10
1.204837493004317284e+10
1.204830409183146095e+10
1.204847838528249741e+10
1.204891854444275093e+10
1.204955591191749382e+10
1.205029058192489624e+10
1.205097510693021011e+10
1.205144876653533936e+10
1.205161677748250008e+10
1.205147352841850471e+10
1.205109561614776993e+10
1.205055888265779495e+10
1.204999026365284729e+10
1.204946178830222893e+10
1.204908197099506950e+10
1.204880675370483971e+10
1.204863951285657883e+10
1.204859748271962166e+10
1.204862514314901352e+10
1.204859232306158447e+10
1.204849280673655701e+10
1.204835944610192108e+10
1.204820821192902946e+10
1.204810707142446518e+10
1.204808770639872742e+10
1.204819694525681686e+10
1.204842823503419685e+10
1.204868855064180374e+10
1.204891682078077507e+10
1.204906983130446815e+10
1.204911494896004105e+10
1.204908603413049507e+10
1.204899276633778954e+10
1.204888257434752655e+10
1.204880391265639305e+10
1.204874566310778236e+10
1.204876567758935738e+10
1.204886021991528130e+10
1.204896493075622940e+10
1.204903275410938644e+10
1.204901203753119659e+10
1.204886458041938400e+10
1.204861549921209908e+10
1.204827119630892181e+10
1.204786423052819633e+10
1.204748774845225716e+10
1.204717004885753822e+10
1.204696505724421120e+10
1.204689007166646194e+10
1.204689095892090225e+10
1.204696100085093689e+10
1.204704547249536133e+10
1.204717329958980942e+10
1.204728005150341415e+10
1.204733095617573929e+10
1.204732472547010994e+10
1.204728977523470688e+10
1.204722343747722435e+10
1.204712715948962784e+10
1.204707415569331551e+10
1.204707538406514168e+10
1.204711629772472000e+10
1.204721219863143730e+10
1.204737917653656006e+10
1.204759726594739723e+10
1.204781808149322319e+10
1.204799509491369247e+10
1.204810254509756851e+10
1.204813202146986008e+10
1.204803529819811440e+10
1.204787746594957352e+10
1.204771276145633698e+10
1.204764118086593628e+10
1.204765438460253334e+10
1.204782187815427399e+10
1.204810253381512833e+10
1.204843296914296150e+10
1.204870165366998672e+10
1.204881092437898827e+10
1.204875857525223160e+10
1.204844732210540581e+10
1.204792362554577827e+10
1.204730426859947014e+10
1.204669638987239647e+10
1.204625080724877930e+10
1.204604796289893341e+10
1.204614888107415390e+10
1.204648197308094978e+10
1.204691892223662186e+10
1.204732422157865715e+10
1.204753478087343597e+10
1.204750885237666130e+10
1.204716380347966003e+10
1.204658552822169304e+10
1.204595735879346848e+10
1.204543086928997612e+10
1.204510468821518135e+10
1.204505123107942390e+10
1.204529738271193314e+10
1.204567224413221931e+10
1.204608708669431305e+10
1.204635459558100700e+10
1.204638336556615257e+10
1.204608898796409035e+10
