6.736880128904176712e+09
6.736880160055642128e+09
6.736880254885975838e+09
6.736880417266057014e+09
6.736880654219185829e+09
6.736880976431659698e+09
6.736881398220129013e+09
6.736881939346613884e+09
6.736882626412045479e+09
6.736883492351698875e+09
6.736884582689766884e+09
6.736885953744360924e+09
6.736887680332759857e+09
6.736889861181382179e+09
6.736892615556990623e+09
6.736896099740052223e+09
6.736900524448120117e+09
6.736906152098953247e+09
6.736913307933717728e+09
6.736922410769238472e+09
6.736934010016037941e+09
6.736948779950856209e+09
6.736967624791889191e+09
6.736991642288159370e+09
6.737022293815379143e+09
6.737061407507722855e+09
6.737111321165072441e+09
6.737175013790437698e+09
6.737256198146556854e+09
6.737359605136788368e+09
6.737491264270346642e+09
6.737658551762083054e+09
6.737870698800758362e+09
6.738138882932641983e+09
6.738476371943167686e+09
6.738898690158885956e+09
6.739423028183105469e+09
6.740067319706388474e+09
6.740849231900588036e+09
6.741782423337533951e+09
6.742878068164665222e+09
6.744140224881662369e+09
6.745566371134307861e+09
6.747151049537266731e+09
6.748866795747107506e+09
6.750642943533251762e+09
6.752395797887811661e+09
6.754000817951357841e+09
6.755393068731524467e+09
6.756537799048767090e+09
6.757401327189243317e+09
6.758187501249266624e+09
6.759094335722933769e+09
6.760291841671942711e+09
6.761915279803469658e+09
6.764089254367994308e+09
6.766839619279385567e+09
6.770090759765501022e+09
6.773693416330123901e+09
6.777476250696405411e+09
6.781425884233990669e+09
6.785497479736646652e+09
6.789553121381088257e+09
6.792882734271315575e+09
6.794229873127792358e+09
6.793788280440855026e+09
6.792594632972393036e+09
6.791505632902688026e+09
6.791198963204539299e+09
6.792033531617811203e+09
6.794178621833590508e+09
6.797061940018408775e+09
6.800155632077774048e+09
6.802829593162088394e+09
6.805443497810277939e+09
6.808409324503892899e+09
6.812101830197124481e+09
6.816229872415181160e+09
6.820735453597814560e+09
6.826344639433943748e+09
6.832559087827262878e+09
6.838058770863157272e+09
6.840404432814847946e+09
6.840675835612613678e+09
6.840013389707382202e+09
6.841005779035270691e+09
6.843613625476307869e+09
6.847891484497414589e+09
6.854539303971272469e+09
6.863679811415479660e+09
6.873582800571571350e+09
6.884302880254110336e+09
6.894302381749031067e+09
6.897036198356263161e+09
6.893301093554908752e+09
6.888302668127733231e+09
6.883999166991082191e+09
6.879297769914631844e+09
6.873884113748085976e+09
6.868487302719985962e+09
6.863875976014103889e+09
6.860283245363077164e+09
6.857443770832377434e+09
6.854885147091247559e+09
6.852528127951897621e+09
6.850713164019142151e+09
6.849616860504062653e+09
6.849103527267587662e+09
6.848865380597832680e+09
6.848545950387524605e+09
6.847940070278880119e+09
6.846896357369029999e+09
6.845357320912594795e+09
6.843472626564171791e+09
6.841447181815641403e+09
6.839538918598753929e+09
6.837992530087553024e+09
6.836955326907416344e+09
6.836475978038589478e+09
6.836526199118813515e+09
6.837011376910682678e+09
6.837661944512025833e+09
6.838357981326800346e+09
6.839030372602270126e+09
6.839634387092586517e+09
6.840135798345659256e+09
6.840474980021949768e+09
6.840676067718967438e+09
6.840792997100742340e+09
6.840913835490173340e+09
6.841404089750894547e+09
6.842620935780442238e+09
6.844781863055860519e+09
6.848064251330996513e+09
6.852580732402530670e+09
6.858666078974500656e+09
6.866756970709931374e+09
6.877250671089081764e+09
6.890254366989445686e+09
6.905371663884675026e+09
6.921419008312565804e+09
6.935498540993597031e+09
6.945261550917802811e+09
6.949545809798161507e+09
6.949363883018465042e+09
6.945842771118822098e+09
6.940283827928900719e+09
6.934107967603852272e+09
6.928535836719127655e+09
6.923914962388239861e+09
6.920229663603679657e+09
6.917433153551614761e+09
6.915476940588888168e+09
6.914179375055973053e+09
6.913055573469458580e+09
6.911655154392373085e+09
6.909746778334054947e+09
6.906975781740639687e+09
6.903274510398451805e+09
6.899119973899332047e+09
6.894822068716822624e+09
6.890643178849710464e+09
6.886717833249904633e+09
6.883049714043959618e+09
6.879863293126473427e+09
6.877160502261672974e+09
6.874801824986909866e+09
6.872737500352642059e+09
6.870994619630421638e+09
6.869746330551574707e+09
6.869121246337794304e+09
6.869094092175401688e+09
6.869540126580393791e+09
6.870435547563888550e+09
6.871799079160645485e+09
6.873374641586874962e+09
6.874979740369428635e+09
6.876363080213968277e+09
6.877297695858034134e+09
6.877856332620269775e+09
6.878246934166293144e+09
6.878774130199047089e+09
6.879634815887916565e+09
6.880919871519429207e+09
6.882627885760334969e+09
6.884663747769870758e+09
6.886862829590603828e+09
6.889145737889616013e+09
6.891518855979689598e+09
6.894017284562386513e+09
6.896622432362160683e+09
6.899217780917910576e+09
6.901637390467988014e+09
6.903706487380383492e+09
6.905208754936793327e+09
6.906078506572740555e+09
6.906214880843803406e+09
6.905702418946235657e+09
6.904699824747764587e+09
6.903400059054186821e+09
6.902081896885699272e+09
6.900789941464208603e+09
6.899612016786776543e+09
6.898532573693507195e+09
6.897507195428915977e+09
6.896509515935503006e+09
6.895551586117647171e+09
6.894715535200931549e+09
6.894122109274278641e+09
6.893729264387822151e+09
6.893571724648799896e+09
6.893676602455002785e+09
6.893935132592295647e+09
6.894286146606538773e+09
6.894477420450222015e+09
6.894379395425853729e+09
6.893959785973970413e+09
6.893254021637840271e+09
6.892399259363129616e+09
6.891486169430539131e+09
6.890657850284626961e+09
6.889979177520124435e+09
6.889472181934301376e+09
6.889129056203296661e+09
6.888895789754667282e+09
6.888590385215391159e+09
6.888173138929673195e+09
6.887647273238061905e+09
6.887139634886218071e+09
6.886782199473777771e+09
6.886597695161435127e+09
6.886594782040989876e+09
6.886709185904562950e+09
6.886873099948763847e+09
6.887036962828531265e+09
6.887203064144899368e+09
6.887481452224451065e+09
6.888012181800284386e+09
6.888812697561839104e+09
6.889881155471498489e+09
6.891150588141818047e+09
6.892474106377703667e+09
6.893783101629853249e+09
6.895016973444537163e+09
6.896065300730367661e+09
6.896834802622919083e+09
6.897252851208184242e+09
6.897345447818655014e+09
6.897085089860788345e+09
6.896523849163575172e+09
6.895818554387802124e+09
6.895052027476871490e+09
6.894309356319972992e+09
6.893556515298585892e+09
6.892806584493890762e+09
6.892131185992993355e+09
6.891613026708947182e+09
6.891263178906780243e+09
6.891072005832868576e+09
6.891002169408041954e+09
6.891074591938702583e+09
6.891284804487762451e+09
6.891575172640913963e+09
6.891898409695902824e+09
6.892167440045979500e+09
6.892358234745776176e+09
6.892507174706703186e+09
6.892611102948632240e+09
6.892667133935311317e+09
6.892619430693397522e+09
6.892445115620814323e+09
6.892152195984065056e+09
6.891776175418998718e+09
6.891409055153571129e+09
6.891108212128521919e+09
6.890794517412641525e+09
6.890487316314003944e+09
6.890159010868604660e+09
6.889817036521948814e+09
6.889454387338640213e+09
6.889028056671334267e+09
6.888540086558938980e+09
6.888066912709490776e+09
6.887715704581896782e+09
6.887552391223464012e+09
6.887523077099541664e+09
6.887622730944354057e+09
6.887867078594667435e+09
6.888263444759216309e+09
6.888851966318928719e+09
6.889600454800485611e+09
6.890501050939673424e+09
6.891513801289473534e+09
6.892568166209538460e+09
6.893660545397936821e+09
6.894745757131975174e+09
6.895774325303321838e+09
6.896696296504335403e+09
6.897369427592895508e+09
6.897800123793395042e+09
6.897957637124363899e+09
6.897709651922236443e+09
6.897027976935632706e+09
6.895859181125556946e+09
6.894338673930145264e+09
6.892649301375404358e+09
6.890944852552531242e+09
6.889330577610630989e+09
6.887913546254362106e+09
6.886821771906534195e+09
6.886117271273759842e+09
6.885810591770294189e+09
6.885914478787522316e+09
6.886459344040429115e+09
6.887412736547827721e+09
6.888624363233701706e+09
6.889900832807700157e+09
6.891039815819406509e+09
6.891997287490245819e+09
6.892722701381844521e+09
6.893182254611954689e+09
6.893356011837169647e+09
6.893306244902431488e+09
6.893133692676432610e+09
6.892861818997402191e+09
6.892607366377587318e+09
6.892362769927797318e+09
6.892078447238395691e+09
6.891730589616543770e+09
6.891285908688693047e+09
6.890778881616900444e+09
6.890273314446113586e+09
6.889812171489189148e+09
6.889421629855348587e+09
6.889143753950768471e+09
6.888981152375883102e+09
6.888901156523429871e+09
6.888857654405059814e+09
6.888864076127242088e+09
6.888909049090838432e+09
6.888942825285836220e+09
6.888940262993191719e+09
6.888898433741958618e+09
6.888837828511425972e+09
6.888824937938037872e+09
6.888882421922259331e+09
6.889026665473159790e+09
6.889349045713673592e+09
6.889904156543500900e+09
6.890729555284447670e+09
6.891792634895364761e+09
6.893000821361296654e+09
6.894224437892930031e+09
6.895310544578977585e+09
6.896047757335660934e+09
6.896244176699435234e+09
6.895859820638549805e+09
6.894990414909456253e+09
6.893767543308589935e+09
6.892315041186244965e+09
6.890819861237291336e+09
6.889410285294458389e+09
6.888216161587110519e+09
6.887316763586576462e+09
6.886801871972949982e+09
6.886720126114660263e+09
6.887081561492535591e+09
6.887826757446122169e+09
6.888866691568870544e+09
6.890080203539766312e+09
6.891335082010619164e+09
6.892520300191679001e+09
6.893527045509279251e+09
6.894240824173323631e+09
6.894568260874638557e+09
6.894493133535147667e+09
6.894026695337185860e+09
6.893263311352326393e+09
6.892341775171989441e+09
6.891399171093867302e+09
6.890514687418989182e+09
6.889728478130391121e+09
6.889093064440503120e+09
6.888652667916812897e+09
6.888383418892498970e+09
6.888234346492066383e+09
6.888207150095548630e+09
6.888314456204606056e+09
6.888539488673007011e+09
6.888824275258843422e+09
6.889151810125116348e+09
6.889527171470714569e+09
6.889936587538946152e+09
6.890370936318277359e+09
6.890800276087760925e+09
6.891147085621382713e+09
6.891350457330488205e+09
6.891410724987274170e+09
6.891383680033327103e+09
6.891328127196100235e+09
6.891269108099794388e+09
6.891224866929316521e+09
6.891196093786047935e+09
6.891236784481985092e+09
6.891363844167392731e+09
6.891581398977604866e+09
6.891895597200612068e+09
6.892302806932450294e+09
6.892751913490934372e+09
6.893176290112905502e+09
6.893484730600557327e+09
6.893593047777048111e+09
6.893440853731618881e+09
6.893007615666148186e+09
6.892292381143558502e+09
6.891376900369640350e+09
6.890405564279274940e+09
6.889531276931424141e+09
6.888825703037343025e+09
6.888278498028780937e+09
6.887851786178643227e+09
6.887548240611716270e+09
6.887397223457561493e+09
6.887464578380320549e+09
6.887782315692295074e+09
6.888315915847971916e+09
6.889062017333568573e+09
6.889961615407227516e+09
6.890904596988009453e+09
6.891794354468438148e+09
6.892506522029117584e+09
6.892938435491682053e+09
6.893035345482967377e+09
6.892856987603676796e+09
6.892520018041800499e+09
6.892143813632337570e+09
6.891805431279384613e+09
6.891494694173911095e+09
6.891190034692833900e+09
6.890905283076225281e+09
6.890608976112158775e+09
6.890288982257844925e+09
6.889987610208845139e+09
6.889801890127826691e+09
6.889780919249959946e+09
6.889905470800780296e+09
6.890128691737593651e+09
6.890405277784865379e+09
6.890728690442634583e+09
6.891089455580208778e+09
6.891462293242953300e+09
6.891817359323264122e+09
6.892117394139752388e+09
6.892275422319031715e+09
6.892270301838759422e+09
6.892133190262545586e+09
6.891935948850393295e+09
6.891700984667803764e+09
6.891386163588997841e+09
6.890996483460884094e+09
6.890604553761749268e+09
6.890329018531550407e+09
6.890222099544702530e+09
6.890294602041143417e+09
6.890497631323772430e+09
6.890734458636568069e+09
6.890896591710286140e+09
6.890972707936934471e+09
6.890976132786289215e+09
6.890958583240305901e+09
6.890986730980765343e+09
6.891060016059534073e+09
6.891130753737343788e+09
6.891150930787667274e+09
6.891098384697508812e+09
6.890988610273470879e+09
6.890862347069597244e+09
6.890737358551390648e+09
6.890639861499170303e+09
6.890584295089609146e+09
6.890605547423903465e+09
6.890701374408053398e+09
6.890870878489431381e+09
6.891116832049622536e+09
6.891429192480995178e+09
6.891765946667090416e+09
6.892089113023166656e+09
6.892355066858286858e+09
6.892495197749214172e+09
6.892471190601058006e+09
6.892274257012410164e+09
6.891924605548654556e+09
6.891435626191933632e+09
6.890836186018611908e+09
6.890172318894468307e+09
6.889519312885663986e+09
6.888961283201162338e+09
6.888576459374329567e+09
6.888410838095089912e+09
6.888435115182535172e+09
6.888602601963061333e+09
6.888859809647942543e+09
6.889200540173948288e+09
6.889640780459494591e+09
6.890165142630659103e+09
6.890710551688728333e+09
6.891205824973814011e+09
6.891627664710635185e+09
6.891942762747596741e+09
6.892119607668325424e+09
6.892163850055327415e+09
6.892125251781208038e+09
6.892031056501956940e+09
6.891891329052727699e+09
6.891718985122670174e+09
6.891540450283641815e+09
6.891342191237752914e+09
6.891089164415772438e+09
6.890765383588367462e+09
6.890395898786677361e+09
6.890061156120583534e+09
6.889816471885021210e+09
6.889686258129858017e+09
6.889710242389802933e+09
6.889894936737484932e+09
6.890219630493400574e+09
6.890591988401218414e+09
6.890902775569263458e+09
6.891101944084585190e+09
6.891201209746985435e+09
6.891223525623696327e+09
6.891177880019044876e+09
6.891050127547382355e+09
6.890844492426589012e+09
6.890590459875780106e+09
6.890392565720269203e+09
6.890305172456361771e+09
6.890338572061592102e+09
6.890473652550039291e+09
6.890675638557002068e+09
6.890923176009158134e+09
6.891199209529170990e+09
6.891439090107494354e+09
6.891581543445823669e+09
6.891592377468831062e+09
6.891465599945856094e+09
6.891249618813954353e+09
6.890999803174933434e+09
6.890777433416175842e+09
6.890589156638024330e+09
6.890469133827196121e+09
6.890400199728644371e+09
6.890329773573824883e+09
6.890210856922631264e+09
6.890041305315870285e+09
6.889819553308126450e+09
6.889585689749948502e+09
6.889416610659754753e+09
6.889340884438031197e+09
6.889365101436033249e+09
6.889489402623079300e+09
6.889699941282163620e+09
6.889958460559741020e+09
6.890255412534558296e+09
6.890559544687837601e+09
6.890829035934854507e+09
6.891014854023500443e+09
6.891110615373086929e+09
6.891123980221615791e+09
6.891070399359205246e+09
6.890951558048958778e+09
6.890778256547726631e+09
6.890579942325716019e+09
6.890370841995049477e+09
6.890177941830490112e+09
6.889998699186056137e+09
6.889836860328537941e+09
6.889723387887639999e+09
6.889667984612771988e+09
6.889646935202133179e+09
6.889632147939491272e+09
6.889603052449925423e+09
6.889583087224435806e+09
6.889646944986553192e+09
6.889849393637626648e+09
6.890196582976285934e+09
6.890637640656160355e+09
6.891089793704282761e+09
6.891486639867776871e+09
6.891816289090369225e+09
6.892075082127728462e+09
6.892234038171735764e+09
6.892282589591177940e+09
6.892240793467439651e+09
6.892103431003181458e+09
6.891887333734018326e+09
6.891641243269745827e+09
6.891396100693950653e+09
6.891149766567633629e+09
6.890911937627245903e+09
6.890696898109683990e+09
6.890499149371007919e+09
6.890315795167201996e+09
6.890147498075700760e+09
6.889997329396833420e+09
6.889870914366084099e+09
6.889778592281910896e+09
6.889731164079396248e+09
6.889725512614303589e+09
6.889743957599069595e+09
6.889755102584697723e+09
6.889722765130940437e+09
6.889678989679910660e+09
6.889672542989194870e+09
6.889706321570590973e+09
6.889759903323625565e+09
6.889836642752755165e+09
6.889944440648418427e+09
6.890074482256427765e+09
6.890243985474192619e+09
6.890472344228997231e+09
6.890768526228729248e+09
6.891086040376083374e+09
6.891377993677829742e+09
6.891629312199584961e+09
6.891829489730809212e+09
6.891966305063792229e+09
6.892012892296334267e+09
6.891962840794263840e+09
6.891818491770608902e+09
6.891561868642900467e+09
6.891189250649493217e+09
6.890738808386458397e+09
6.890257596128987312e+09
6.889815333186698914e+09
6.889462723946310997e+09
6.889224745760419846e+09
6.889093186599369049e+09
6.889098400390958786e+09
6.889259689220488548e+09
6.889539181834548950e+09
6.889872923381117821e+09
6.890227570433069229e+09
6.890629164810869217e+09
6.891099854254517555e+09
6.891576511520716667e+09
6.891988089489437103e+09
6.892261912464437485e+09
6.892347469164614677e+09
6.892238893064741135e+09
6.891982766998921394e+09
6.891634661533072472e+09
6.891230544872256279e+09
6.890774064594468117e+09
6.890294372317821503e+09
6.889844582526803970e+09
6.889482485143953323e+09
6.889255555120723724e+09
6.889173942535958290e+09
6.889220534379800797e+09
6.889374555978524208e+09
6.889653152596710205e+09
6.890037065085862160e+09
6.890470098000622749e+09
6.890864545160176277e+09
6.891166710698434830e+09
6.891370338921026230e+09
6.891473929428848267e+09
6.891460918082573891e+09
6.891345262819889069e+09
6.891168906981935501e+09
6.890979980946958542e+09
6.890785255031852722e+09
6.890602947451420784e+09
6.890450999981231689e+09
6.890362909548251152e+09
6.890353013521574974e+09
6.890409549095608711e+09
6.890507625251259804e+09
6.890621659163014412e+09
6.890712229289578438e+09
6.890757206880611420e+09
6.890778562367986679e+09
6.890795783981110573e+09
6.890783539675600052e+09
6.890726288083542824e+09
6.890632947481271744e+09
6.890508248645517349e+09
6.890366632796008110e+09
6.890236733883647919e+09
6.890116849664001465e+09
6.889976432778885841e+09
6.889841986856321335e+09
6.889760585759851456e+09
6.889742133450731277e+09
6.889795917259456635e+09
6.889936508236006737e+09
6.890127825909684181e+09
6.890339724993423462e+09
6.890595909443931580e+09
6.890925571353877068e+09
6.891297491638527870e+09
6.891643912102724075e+09
6.891908357796545029e+09
6.892064841964632034e+09
6.892094643554059982e+09
6.892005068473366737e+09
6.891823637431497574e+09
6.891556353998756409e+09
6.891202751834955215e+09
6.890811965396285057e+09
6.890428064712832451e+09
6.890070066838910103e+09
6.889753165450100899e+09
6.889508386888431549e+09
6.889348748835765839e+09
6.889256556398629189e+09
6.889211818429569244e+09
6.889238066125560760e+09
6.889345036513793945e+09
6.889513603360338211e+09
6.889739187067686081e+09
6.890036641339963913e+09
6.890405994311277390e+09
6.890807873673749924e+09
6.891193751127235413e+09
6.891495114116580009e+09
6.891685706105514526e+09
6.891778540365429878e+09
6.891779393611050606e+09
6.891674792549658775e+09
6.891470583657649040e+09
6.891194387137697220e+09
6.890876910679747581e+09
6.890559925367106438e+09
6.890280869550509453e+09
6.890085251542969704e+09
6.889982652468620300e+09
6.889977941257010460e+09
6.890053136094759941e+09
6.890159455005988121e+09
6.890239548954788208e+09
6.890278159157211304e+09
6.890302394967128754e+09
6.890328458165716171e+09
6.890337021792411804e+09
6.890311743464878082e+09
6.890269176140860558e+09
6.890226902544995308e+09
6.890197695912132263e+09
6.890180707779765129e+09
6.890179712631134987e+09
6.890183988238239288e+09
6.890196760184342384e+09
6.890233388097808838e+09
6.890314186045669556e+09
6.890423864964544296e+09
6.890538214621662140e+09
6.890639390422551155e+09
6.890731790623385429e+09
6.890824574167951584e+09
6.890925303608550072e+09
6.891044872268267632e+09
6.891154694895908356e+09
6.891237421130462646e+09
6.891281974558941841e+09
6.891263757126343727e+09
6.891136745464731216e+09
6.890910813661252022e+09
6.890636152826911926e+09
6.890339742266594887e+09
6.890048166878460884e+09
6.889796979431572914e+09
6.889625145875770569e+09
6.889565194272122383e+09
6.889617405550617218e+09
6.889750199873009682e+09
6.889931071769522667e+09
6.890157463142626762e+09
6.890427830803237915e+09
6.890722429990750313e+09
6.890998660324865341e+09
6.891221769116160393e+09
6.891388929286966324e+09
6.891486054770481110e+09
6.891498127039919853e+09
6.891427142225658417e+09
6.891290417893987656e+09
6.891103723657953262e+09
6.890883189744696617e+09
6.890639122610449791e+09
6.890366360998802185e+09
6.890075416549676895e+09
6.889800340559622765e+09
6.889572565128820419e+09
6.889402856456377983e+09
6.889287852747575760e+09
6.889243459391905785e+09
6.889262722157437325e+09
6.889323764566622734e+09
6.889421387509730339e+09
6.889569995482909203e+09
6.889762908245909691e+09
6.889964854456231117e+09
6.890151744946564674e+09
6.890309090086105347e+09
6.890403179883177757e+09
6.890441092541509628e+09
6.890451287172441483e+09
6.890433958629602432e+09
6.890388148459272385e+09
6.890331711816711426e+09
6.890303158740012169e+09
6.890326793408835411e+09
6.890399897480897903e+09
6.890508218327625275e+09
6.890611988137786865e+09
6.890652727339776039e+09
6.890639404646209717e+09
6.890628527130057335e+09
6.890643970409823418e+09
6.890667494859473228e+09
6.890674317409190178e+09
6.890641404342981339e+09
6.890583599212522507e+09
6.890523424182472229e+09
6.890478453191907883e+09
6.890443268713095665e+09
6.890400260416200638e+09
6.890333459359191895e+09
6.890260187203304291e+09
6.890182716499006271e+09
6.890104266956128120e+09
6.890036184567724228e+09
6.889998425115756035e+09
6.890006822877818108e+09
6.890072557479863167e+09
6.890167121471623421e+09
6.890277395358803749e+09
6.890406879974140167e+09
6.890551680402660370e+09
6.890708406790891647e+09
6.890875965721833229e+09
6.891042693065306664e+09
6.891174171221152306e+09
6.891235044332064629e+09
6.891206216522366524e+09
6.891078101443408012e+09
6.890846196975891113e+09
6.890552206329768181e+09
6.890238898321459770e+09
6.889925503795197487e+09
6.889635654738640785e+09
6.889401008327404022e+09
6.889264930959600449e+09
6.889222534478847504e+09
6.889206620051043510e+09
6.889196170993651390e+09
6.889214330019602776e+09
6.889269082152023315e+09
6.889367554399271965e+09
6.889504131908408165e+09
6.889664906568486214e+09
6.889838026870681763e+09
6.890029347836902618e+09
6.890208631160700798e+09
6.890335353191020012e+09
6.890425647209746361e+09
6.890497738561646461e+09
6.890533739058609009e+09
6.890530585614065170e+09
6.890505803419032097e+09
6.890463655591255188e+09
6.890415139661798477e+09
6.890345402406666756e+09
6.890253764228247643e+09
6.890166836731957436e+09
6.890111694197280884e+09
6.890106160256400108e+09
6.890152054067115784e+09
6.890230335768411636e+09
6.890321199491372108e+09
6.890411587342740059e+09
6.890491442204747200e+09
6.890550524422555923e+09
6.890587659735034943e+09
6.890624679815843582e+09
6.890680197792064667e+09
6.890752168325028419e+09
6.890820473044950485e+09
6.890867242100377083e+09
6.890884267789931297e+09
6.890856361285058975e+09
6.890774975148968697e+09
6.890677583692587852e+09
6.890595163247416496e+09
6.890533286606310844e+09
6.890472248734336853e+09
6.890421192745904922e+09
6.890407912966981888e+09
6.890443091653014183e+09
6.890531757884147644e+09
6.890652744886987686e+09
6.890775175210615158e+09
6.890885149639306068e+09
6.890961353002032280e+09
6.890961525934979439e+09
6.890846170486064911e+09
6.890623016858597755e+09
6.890356311144052505e+09
6.890092805307225227e+09
6.889862578337087631e+09
6.889700185278729439e+09
6.889641900996520042e+09
6.889657974865223885e+09
6.889720566464065552e+09
6.889823920461670876e+09
6.889963987959324837e+09
6.890110423478317261e+09
6.890260609884829521e+09
6.890403828991968155e+09
6.890514036592551231e+09
6.890580836805711746e+09
6.890618105988271713e+09
6.890654210032714844e+09
6.890706852388549805e+09
6.890764498481646538e+09
6.890809068994873047e+09
6.890808726881390572e+09
6.890751507116956711e+09
6.890662601218062401e+09
6.890585423668047905e+09
6.890519684981538773e+09
6.890453265190452576e+09
6.890383348355288506e+09
6.890288415289178848e+09
6.890153572390551567e+09
6.890030799072040558e+09
6.889977175433062553e+09
6.889997835901488304e+09
6.890072256060173035e+09
6.890165599832474709e+09
6.890237774955008507e+09
6.890279702444548607e+09
6.890297172477189064e+09
6.890309260008799553e+09
6.890329938156551361e+09
6.890361472258346558e+09
6.890375997129496574e+09
6.890376917055581093e+09
6.890389646855077744e+09
6.890415840573714256e+09
6.890433231398550987e+09
6.890429330571321487e+09
6.890384333623524666e+09
6.890305382237853050e+09
6.890220897427618027e+09
6.890155790573600769e+09
6.890114514712071419e+09
6.890101850627869606e+09
6.890115030866355896e+09
6.890148173616511345e+09
6.890207677035180092e+09
6.890282816091297150e+09
6.890351475509217262e+09
6.890398294204149246e+09
6.890457558328320503e+09
6.890564675878666878e+09
6.890678434982504845e+09
6.890723305083943367e+09
6.890690223320662498e+09
6.890611650648775101e+09
6.890494852048084259e+09
6.890341634619730949e+09
6.890176738125077248e+09
6.890022194498152733e+09
6.889886836370864868e+09
6.889759197561935425e+09
6.889655287922466278e+09
6.889593283615300179e+09
6.889577832325844765e+09
6.889619236602884293e+09
6.889736557024126053e+09
6.889911977859251022e+09
6.890109190613271713e+09
6.890311427178582191e+09
6.890522401334673882e+09
6.890713012701266289e+09
6.890827428799684525e+09
6.890843791068487167e+09
6.890799120960731506e+09
6.890746168731161118e+09
6.890702912850317001e+09
6.890660502290042877e+09
6.890595741169045448e+09
6.890503412998275757e+09
6.890404238144129753e+09
6.890326857831416130e+09
6.890269107062428474e+09
6.890252858864355087e+09
6.890301867086302757e+09
6.890381344385246277e+09
6.890441195438627243e+09
6.890456676360798836e+09
6.890456910651748657e+09
6.890471303316977501e+09
6.890499871276619911e+09
6.890525509920726776e+09
6.890539504947805405e+09
6.890533877005971909e+09
6.890490802373126984e+09
6.890413699474069595e+09
6.890318018878661156e+09
6.890225238144967079e+09
6.890138140141478539e+09
6.890055661004361153e+09
6.889976202691580772e+09
6.889915400230627060e+09
6.889890011839260101e+09
6.889886076996959686e+09
6.889884947510061264e+09
6.889896304874263763e+09
6.889951264262822151e+09
6.890053940470371246e+09
6.890185630928122520e+09
6.890328175162913322e+09
6.890465897508829117e+09
6.890587120934296608e+09
6.890678175563047409e+09
6.890728180332253456e+09
6.890714844133854866e+09
6.890622099351563454e+09
6.890484518421555519e+09
6.890328445786478043e+09
6.890159910524669647e+09
6.889982736522317886e+09
6.889844344754444122e+09
6.889777180026467323e+09
6.889782100934761047e+09
6.889850892684983253e+09
6.889977218565077782e+09
6.890125460095547676e+09
6.890257977951416969e+09
6.890363291365292549e+09
6.890447207277704239e+09
6.890484529609227180e+09
6.890471162713775635e+09
6.890423207423190117e+09
6.890341524224788666e+09
6.890221490535646439e+09
6.890064711093178749e+09
6.889888171586179733e+09
6.889709123494261742e+09
6.889553360839128494e+09
6.889446160311449051e+09
6.889395940692663193e+09
6.889390389582866669e+09
6.889417864073565483e+09
6.889474257562361717e+09
6.889547836501608849e+09
6.889639924056293488e+09
6.889763858991342545e+09
6.889932513754016876e+09
6.890143560109534264e+09
6.890368981604825974e+09
6.890579809012088776e+09
6.890752926320087433e+09
6.890878363408621788e+09
6.890951131581089020e+09
6.890970600582399368e+09
6.890931304606941223e+09
6.890824057290817261e+09
6.890657218779043198e+09
6.890476670800227165e+09
6.890303038629407883e+09
6.890153313097780228e+09
6.890019861539071083e+09
6.889892863571335793e+09
6.889774844664558411e+09
6.889678571806996346e+09
6.889645777610427856e+09
6.889680731993906021e+09
6.889753096814044952e+09
6.889824949901041031e+09
6.889890358159666061e+09
6.889957878422792435e+09
6.890021771735231400e+09
6.890065039276636124e+09
6.890083557220746994e+09
6.890092887171435356e+09
6.890100269736447334e+09
6.890090980281358719e+09
6.890053881783640862e+09
6.890004687240780830e+09
6.889943031790002823e+09
6.889883874426987648e+09
6.889858151649106979e+09
6.889874085481974602e+09
6.889913625219077110e+09
6.889978929531477928e+09
6.890068720180927277e+09
6.890168520069106102e+09
6.890285627138278961e+09
6.890431236579514503e+09
6.890577458190270424e+09
6.890695646582073212e+09
6.890761090640148163e+09
6.890774262408648491e+09
6.890751716163107872e+09
6.890693107368231773e+09
6.890609198941390038e+09
6.890517150433515549e+09
6.890416437996540070e+09
6.890307790492956161e+09
6.890196418860075951e+09
6.890125137356558800e+09
6.890103210102121353e+09
6.890098893450693130e+09
6.890085782324055672e+09
6.890071010092921257e+09
6.890053852652979851e+09
6.890038205072813988e+09
6.890016758150313377e+09
6.889993711628672600e+09
6.889979684785192490e+09
6.889999361578720093e+09
6.890077750973175049e+09
6.890163867542777061e+09
6.890211717441280365e+09
6.890230669839648247e+09
6.890229377546779633e+09
6.890215032671907425e+09
6.890202731389766693e+09
6.890200089847592354e+09
6.890191640093789101e+09
6.890164677071657181e+09
6.890104870621653557e+09
6.890016031808732986e+09
6.889923804373673439e+09
6.889843361829936981e+09
6.889789511306269646e+09
6.889784136893871307e+09
6.889819445706870079e+09
6.889846798281749725e+09
6.889872511109070778e+09
6.889921596727807045e+09
6.890005696048250198e+09
6.890132967482063293e+09
6.890265379948771477e+09
6.890360805737258911e+09
6.890423707337715149e+09
6.890474827567405701e+09
6.890507858914078712e+09
6.890510144486194611e+09
6.890489377697402954e+09
6.890437827164651871e+09
6.890358184860641479e+09
6.890253012209774971e+09
6.890131570357707024e+09
6.890021520391258240e+09
6.889943261696797371e+09
6.889929761448823929e+09
6.890015853657591820e+09
6.890180731833783150e+09
6.890370462889267921e+09
6.890527254699531555e+09
6.890610268020582199e+09
6.890597972906318665e+09
6.890528033282493591e+09
6.890447960061238289e+09
6.890374551043197632e+09
6.890309054979423523e+09
6.890238001778093338e+09
6.890160392271088600e+09
6.890092844404098511e+09
6.890042280145552635e+09
6.889999539439439774e+09
6.889942413054604530e+09
6.889874073006795883e+09
6.889822617609823227e+09
6.889805756471276283e+09
6.889834417446745872e+09
6.889889960691474915e+09
6.889949810617953300e+09
6.890005064248131752e+09
6.890072698434789658e+09
6.890170691080725670e+09
6.890291950793629646e+09
6.890402674014581680e+09
6.890480445011804581e+09
6.890536322173016548e+09
6.890584609640291214e+09
6.890616075226379395e+09
6.890624357174600601e+09
6.890597517586629868e+09
6.890519471583192825e+09
6.890402595950891495e+09
6.890264745406373978e+09
6.890114043731002808e+09
6.889966273870226860e+09
6.889840394352690697e+09
6.889781229450229645e+09
6.889792218910567284e+09
6.889820819887120247e+09
6.889848648082795143e+09
6.889884929690322876e+09
6.889924306233117104e+09
6.889971758494727135e+09
6.890013189867566109e+09
6.890033592015438080e+09
6.890055431639572144e+09
6.890111360070256233e+09
6.890183196508008957e+09
6.890221260655934334e+09
6.890204181552592278e+09
6.890142315377428055e+09
6.890056021200087547e+09
6.889959050136065483e+09
6.889863258695151329e+09
6.889780454223871231e+09
6.889720564614980698e+09
6.889695866241648674e+09
6.889707704261086464e+09
6.889756145994235992e+09
6.889845278134598732e+09
6.889952724904847145e+09
6.890062938799538612e+09
6.890158306514533043e+09
6.890244393613443375e+09
6.890337462922757149e+09
6.890432162396022797e+09
6.890506067795757294e+09
6.890547838370570183e+09
6.890557562459539413e+09
6.890529957833103180e+09
6.890474984754255295e+09
6.890390115593299866e+09
6.890278256910097122e+09
6.890167921181546211e+09
6.890082287188398361e+09
6.890013926247088432e+09
6.889968814308754921e+09
6.889962505248629570e+09
6.889984332107038498e+09
6.890018378725573540e+09
6.890040618745158195e+09
6.890049749336853981e+09
6.890064516336377144e+09
6.890082942195648193e+09
6.890078792793379784e+09
6.890069676596220970e+09
6.890063286847557068e+09
6.890048775851678848e+09
6.890022437649035454e+09
6.890011617759245872e+09
6.890004037617409706e+09
6.889973683376126289e+09
6.889903789981231689e+09
6.889804278167518616e+09
6.889708745087150574e+09
6.889644162481868744e+09
6.889640403772182465e+09
6.889688830004652023e+09
6.889759633095479965e+09
6.889858801688485146e+09
6.889981537245349884e+09
6.890096859942293167e+09
6.890166840840168953e+09
6.890180803764020920e+09
6.890158547284969330e+09
6.890125743756795883e+09
6.890109691543250084e+09
6.890114846764541626e+09
6.890130246825767517e+09
6.890149216433319092e+09
6.890170537075097084e+09
6.890193541241696358e+09
6.890195460825464249e+09
6.890162120705286026e+09
6.890097865899353027e+09
6.890015273562496185e+09
6.889936030342976570e+09
6.889875364820863724e+09
6.889854532159542084e+09
6.889904630842509270e+09
6.890025871807230949e+09
6.890166004711856842e+09
6.890283690433566093e+09
6.890359108121851921e+09
6.890396634339404106e+09
6.890399665934921265e+09
6.890368301161342621e+09
6.890309597190199852e+09
6.890233871252889633e+09
6.890162547277117729e+09
6.890092597917822838e+09
6.890005403920466423e+09
6.889896733129339218e+09
6.889788199726978302e+09
6.889698085267933846e+09
6.889640645068132401e+09
6.889612144048134804e+09
6.889615831304946899e+09
6.889678387603331566e+09
6.889794597336143494e+09
6.889938699504233360e+09
6.890066190875072479e+09
6.890143508963295937e+09
6.890189021590121269e+09
6.890194124262239456e+09
6.890141171898956299e+09
6.890048844586288452e+09
6.889944148770133972e+09
6.889854668736761093e+09
6.889794009883375168e+09
6.889760171672244072e+09
6.889753962962093353e+09
6.889765587734786034e+09
6.889770056267534256e+09
6.889769855197814941e+09
6.889782298454446793e+09
6.889800964589228630e+09
6.889824193427243233e+09
6.889863088038563728e+09
6.889925442223912239e+09
6.889993535371536255e+09
6.890048371232086182e+09
6.890083018132485390e+09
6.890112309775385857e+09
6.890136177277379990e+09
6.890133266265612602e+09
6.890101435168183327e+09
6.890065519458154678e+09
6.890049833998882294e+09
6.890045408812538147e+09
6.890035702745324135e+09
6.889990045631610870e+09
6.889893853356773376e+09
6.889763017495010376e+09
6.889623378706074715e+09
6.889517861377454758e+09
6.889463189753236771e+09
6.889456123091122627e+09
6.889510039734645844e+09
6.889640946200849533e+09
6.889815742878936768e+09
6.889987184219331741e+09
6.890120525155514717e+09
6.890222886298177719e+09
6.890320027160049438e+09
6.890401040877729416e+09
6.890455898923982620e+09
6.890486083627225876e+09
6.890477782511054039e+09
6.890430235002780914e+09
6.890378673106910706e+09
6.890340955711458206e+09
6.890286645144838333e+09
6.890184440604257584e+09
6.890026263531675339e+09
6.889836625516920090e+09
6.889643866936670303e+09
6.889477063276038170e+09
6.889358787044555664e+09
6.889300947386825562e+09
6.889299946234420776e+09
6.889350430189936638e+09
6.889453064563503265e+09
6.889602628054777145e+09
6.889759483267231941e+09
6.889862970140953064e+09
6.889893082901224136e+09
6.889890796158687592e+09
6.889902385660433769e+09
6.889928788526776314e+09
6.889943372131048203e+09
6.889947875781843185e+09
6.889956902947052956e+09
6.889955118894799232e+09
6.889931484517740250e+09
6.889907096569336891e+09
6.889899080247570992e+09
6.889889964947555542e+09
6.889890402387455940e+09
6.889903915930325508e+09
6.889924646111491203e+09
6.889944577194619179e+09
6.889956727906255722e+09
6.889938246901899338e+09
6.889901210836108208e+09
6.889882680075409889e+09
6.889892826279387474e+09
6.889924482536683083e+09
6.889961508159548759e+09
6.889998672472449303e+09
6.890024821806118011e+09
6.890043664189837456e+09
6.890037480481463432e+09
6.889997946379681587e+09
6.889953258305659294e+09
6.889951853502467155e+09
6.890015876234468460e+09
6.890120938893566132e+09
6.890230289442481041e+09
6.890321752914707184e+09
6.890377265766268730e+09
6.890388470984696388e+09
6.890383851561439514e+09
6.890373197434286118e+09
6.890342893004847527e+09
6.890285165905420303e+09
6.890202802284435272e+09
6.890141671936538696e+09
6.890128671956185341e+09
6.890152435131585121e+09
6.890167112288278580e+09
6.890146610963667870e+09
6.890104548329698563e+09
6.890060915465392113e+09
6.890014832192151070e+09
6.889956732106709480e+09
6.889889836601739883e+09
6.889820184030239105e+09
6.889767668862140656e+09
6.889734605562874794e+09
6.889722837494772911e+09
6.889741088092449188e+09
6.889791033982566833e+09
6.889862442161405563e+09
6.889920494230499268e+09
6.889948928890666008e+09
6.889968841733546257e+09
6.889995944722797394e+09
6.890017072606241226e+09
6.890034787363326073e+09
6.890040941094396591e+09
6.890039552604437828e+09
6.890048572867281914e+09
6.890048331704152107e+09
6.890014722293485641e+09
6.889950788909938812e+09
6.889867788126200676e+09
6.889806452711287498e+09
6.889800228045448303e+09
6.889841653347896576e+09
6.889888262369581223e+09
6.889926379270988464e+09
6.889943038407153130e+09
6.889917686830674171e+09
6.889860577066932678e+09
6.889799349459644318e+09
6.889735714287568092e+09
6.889688915712726593e+09
6.889679333696730614e+09
6.889693140013268471e+09
6.889700722322494507e+09
6.889685090235804558e+09
6.889644798978595734e+09
6.889610120472135544e+09
6.889601618686269760e+09
6.889616048074994087e+09
6.889663979669460297e+09
6.889753584327315331e+09
6.889892204671491623e+09
6.890058166471647263e+09
6.890240387330862045e+09
6.890419647897100449e+09
6.890578600360774040e+09
6.890687780357368469e+09
6.890727579840833664e+09
6.890691828356978416e+09
6.890615331466247559e+09
6.890523194449575424e+09
6.890432556108284950e+09
6.890326581706116676e+09
6.890182441617416382e+09
6.890027963452757835e+09
6.889909665106956482e+09
6.889820238931849480e+09
6.889735858574294090e+09
6.889644594256819725e+09
6.889565484100903511e+09
6.889520483679803848e+09
6.889526604110718727e+09
6.889565193254230499e+09
6.889625731843766212e+09
6.889710525953637123e+09
6.889804305908823967e+09
6.889870031485830307e+09
6.889880670325974464e+09
6.889846899204000473e+09
6.889798329489388466e+09
6.889739269276728630e+09
6.889681523116644859e+09
6.889632945342548370e+09
6.889602819864017487e+09
6.889597740871722221e+09
6.889590171480369568e+09
6.889568507638359070e+09
6.889541145511618614e+09
