0.000000000000000000e+00
3.115146525140887235e+01
1.259817988559839819e+02
2.883618789714407171e+02
5.253150090405720221e+02
8.475274822018127452e+02
1.269315951482330775e+03
1.810442437483623053e+03
2.497507869057279549e+03
3.363447522098671470e+03
4.453785590136828432e+03
5.824840184250886523e+03
7.551428582916859341e+03
9.732277205363488974e+03
1.248665281429815877e+04
1.597083587544759393e+04
2.039554394257360764e+04
2.602319477547790666e+04
3.317902954134018364e+04
4.228186506139079574e+04
5.388111186146597174e+04
6.865104667985154083e+04
8.749588771268817072e+04
1.115133839828270575e+05
1.421649112022999325e+05
1.812786035461004067e+05
2.311922608952696610e+05
2.948848862611736986e+05
3.760692423802666017e+05
4.794762326118741767e+05
6.111353661687949207e+05
7.784228579067955725e+05
9.905698965821248712e+05
1.258754028465328971e+06
1.596243038990839152e+06
2.018561254708648659e+06
2.542899278928346001e+06
3.187190802211862989e+06
3.969102996411412954e+06
4.902294433356828056e+06
5.997939260488966480e+06
7.260095977485191077e+06
8.686242230131521821e+06
1.027092063308995217e+07
1.198666684293108247e+07
1.376281462907511555e+07
1.551566898363490403e+07
1.712068904718068615e+07
1.851293982734783366e+07
1.965767014459065348e+07
2.052119828506580740e+07
2.130737234509026259e+07
2.221420681875750050e+07
2.341171276776589826e+07
2.503515089929156750e+07
2.720912546381725371e+07
2.995949037520912290e+07
3.321063086132458225e+07
3.681328742594678700e+07
4.059612179222860187e+07
4.454575532981432229e+07
4.861735083246978372e+07
5.267299247691188008e+07
5.600260536713877320e+07
5.734974422361434996e+07
5.690815153667837381e+07
5.571450406821520627e+07
5.462550399851106852e+07
5.431883430036250502e+07
5.515340271363399178e+07
5.729849292941411585e+07
6.018181111423245817e+07
6.327550317359743267e+07
6.594946425791165233e+07
6.856336890610143542e+07
7.152919559971570969e+07
7.522170129294779897e+07
7.934974351100489497e+07
8.385532469363754988e+07
8.946451052976745367e+07
9.567895892308492959e+07
1.011786419589808285e+08
1.035243039106712788e+08
1.037957067084371150e+08
1.031332608032055199e+08
1.041256501310940981e+08
1.067334965721309632e+08
1.110113555932377577e+08
1.176591750670956224e+08
1.267996825113028735e+08
1.367026716673948169e+08
1.474227513499334455e+08
1.574222528448546529e+08
1.601560694520865679e+08
1.564209646507316232e+08
1.514225392235566676e+08
1.471190380869056880e+08
1.424176410104553699e+08
1.370039848439092338e+08
1.316071738158093840e+08
1.269958471099266112e+08
1.234031164589004219e+08
1.205636419281993210e+08
1.180050181870705336e+08
1.156479990477212071e+08
1.138330351149646193e+08
1.127367315998856276e+08
1.122233983634122312e+08
1.119852516936558485e+08
1.116658214833456576e+08
1.110599413747021705e+08
1.100162284648536891e+08
1.084771920084178448e+08
1.065924976599953771e+08
1.045670529114647955e+08
1.026587896945776790e+08
1.011124011833753735e+08
1.000751980032395720e+08
9.959584913441289961e+07
9.964607021463660896e+07
1.001312480065058023e+08
1.007818156078490466e+08
1.014778524226237237e+08
1.021502436980927885e+08
1.027542581884094924e+08
1.032556694414818734e+08
1.035948511177724600e+08
1.037959388147909939e+08
1.039128681965654045e+08
1.040337065859962702e+08
1.045239608467164338e+08
1.057408068762651235e+08
1.079017341516839415e+08
1.111841224268199652e+08
1.157006034983543754e+08
1.217859500703236461e+08
1.298768418057545274e+08
1.403705421849048436e+08
1.533742380852689743e+08
1.684915349804988503e+08
1.845388794083890021e+08
1.986184120894198716e+08
2.083814220136259794e+08
2.126656808939851820e+08
2.124837541142875850e+08
2.089626422146451175e+08
2.034036990247245431e+08
1.972278386996755898e+08
1.916557078149505556e+08
1.870348334840633869e+08
1.833495346995032728e+08
1.805530246474388838e+08
1.785968116847116947e+08
1.772992461517950892e+08
1.761754445652808249e+08
1.747750254881959856e+08
1.728666494298785329e+08
1.700956528364633024e+08
1.663943814942750633e+08
1.622398449951547682e+08
1.579419398126463592e+08
1.537630499455332756e+08
1.498377043457278609e+08
1.461695851397826672e+08
1.429831642222964168e+08
1.402803733574955761e+08
1.379216960827322900e+08
1.358573714484656453e+08
1.341144907262447327e+08
1.328662016473974138e+08
1.322411174336174726e+08
1.322139632712246627e+08
1.326599976762164831e+08
1.335554186597115844e+08
1.349189502564687133e+08
1.364945126826986969e+08
1.380996114652520120e+08
1.394829513097901344e+08
1.404175669538572431e+08
1.409762037160929739e+08
1.413668052621158063e+08
1.418940012948690653e+08
1.427546869837375879e+08
1.440397426152525544e+08
1.457477568561578095e+08
1.477836188656939864e+08
1.499827006864274144e+08
1.522656089854385853e+08
1.546387270755125582e+08
1.571371556582095623e+08
1.597423034579841793e+08
1.623376520137340426e+08
1.647572615638111234e+08
1.668263584762066901e+08
1.683286260326167941e+08
1.691983776685636938e+08
1.693347519396272600e+08
1.688222900420587361e+08
1.678196958435880542e+08
1.665199301500089467e+08
1.652017679815229177e+08
1.639098125600322485e+08
1.627318878825984299e+08
1.616524447893302143e+08
1.606270665247391462e+08
1.596293870313258767e+08
1.586714572134704888e+08
1.578354062967544198e+08
1.572419803701009750e+08
1.568491354836446941e+08
1.566915957446236014e+08
1.567964735508249998e+08
1.570550036881193221e+08
1.574060177023617923e+08
1.575972915460449159e+08
1.574992665216768086e+08
1.570796570697940290e+08
1.563738927336626649e+08
1.555191304589522481e+08
1.546060405263612270e+08
1.537777213804502189e+08
1.530990486159477830e+08
1.525920530301248729e+08
1.522489272991201580e+08
1.520156608504902124e+08
1.517102563112140298e+08
1.512930100254966915e+08
1.507671443338852525e+08
1.502595059820410013e+08
1.499020705696010590e+08
1.497175662572584152e+08
1.497146531368128061e+08
1.498290570003851950e+08
1.499929710445871949e+08
1.501568339243547320e+08
1.503229352407225668e+08
1.506013233202743530e+08
1.511320528961077332e+08
1.519325686576607525e+08
1.530010265673213005e+08
1.542704592376405001e+08
1.555939774735272229e+08
1.569029727256762683e+08
1.581368445403604805e+08
1.591851718261903524e+08
1.599546737187421322e+08
1.603727223040068448e+08
1.604653189144782424e+08
1.602049609566118121e+08
1.596437202593997121e+08
1.589384254836254716e+08
1.581718985726943612e+08
1.574292274157966673e+08
1.566763863944096565e+08
1.559264555897154212e+08
1.552510570888168216e+08
1.547328978047703803e+08
1.543830500026036501e+08
1.541918769286913872e+08
1.541220405038647950e+08
1.541944630345257223e+08
1.544046755835847855e+08
1.546950437367372811e+08
1.550182807917255461e+08
1.552873111418030560e+08
1.554781058416002095e+08
1.556270458025258780e+08
1.557309740444543064e+08
1.557870050311338305e+08
1.557393017892208099e+08
1.555649867166377604e+08
1.552720670798878372e+08
1.548960465148206055e+08
1.545289262493942678e+08
1.542280832243455648e+08
1.539143885084651709e+08
1.536071874098260999e+08
1.532788819644283950e+08
1.529369076177714467e+08
1.525742584344639182e+08
1.521479277671575248e+08
1.516599576547610164e+08
1.511867838053136170e+08
1.508355756777202189e+08
1.506722623192876875e+08
1.506429481953649223e+08
1.507426020401776731e+08
1.509869496904905438e+08
1.513833158550382853e+08
1.519718374147517383e+08
1.527203258963092864e+08
1.536209220354960263e+08
1.546336723852968216e+08
1.556880373053614199e+08
1.567804164937602878e+08
1.578656282277981043e+08
1.588941963991453052e+08
1.598161676001580954e+08
1.604892986887185276e+08
1.609199948892177939e+08
1.610775082201871872e+08
1.608295230180595219e+08
1.601478480314555168e+08
1.589790522213799357e+08
1.574585450259684026e+08
1.557691724712275565e+08
1.540647236483546793e+08
1.524504487064537108e+08
1.510334173501853049e+08
1.499416430023570955e+08
1.492371423695828617e+08
1.489304628661175966e+08
1.490343498833453059e+08
1.495792151362511516e+08
1.505326076436512470e+08
1.517442343295249343e+08
1.530207039035230279e+08
1.541596869152291119e+08
1.551171585860690475e+08
1.558425724776680470e+08
1.563021257077762783e+08
1.564758829329920709e+08
1.564261159982541502e+08
1.562535637722550333e+08
1.559816900932254493e+08
1.557272374734096229e+08
1.554826410236210227e+08
1.551983183342187703e+08
1.548504607123673558e+08
1.544057797845163643e+08
1.538987527127240002e+08
1.533931855419368148e+08
1.529320425850112736e+08
1.525415009511711597e+08
1.522636250465918481e+08
1.521010234717063308e+08
1.520210276192530394e+08
1.519775255008819699e+08
1.519839472230651081e+08
1.520289201866621673e+08
1.520626963816598654e+08
1.520601340890129209e+08
1.520183048377819359e+08
1.519576996072493792e+08
1.519448090338597596e+08
1.520022930180827677e+08
1.521465365689829588e+08
1.524689168094981909e+08
1.530240276393237114e+08
1.538494263802717924e+08
1.549125059911877811e+08
1.561206924571197033e+08
1.573443089887532592e+08
1.584304156748012900e+08
1.591676284314844608e+08
1.593640477952587903e+08
1.589796917343725860e+08
1.581102860052795708e+08
1.568874144044128060e+08
1.554349122820678651e+08
1.539397323331137598e+08
1.525301563902798593e+08
1.513360326829333901e+08
1.504366346823996603e+08
1.499217430687718987e+08
1.498399972104836702e+08
1.502014325883592069e+08
1.509466285419447422e+08
1.519865626646945179e+08
1.532000746355892122e+08
1.544549531064427197e+08
1.556401712875021696e+08
1.566469166051025391e+08
1.573606952691473663e+08
1.576881319704616964e+08
1.576130046309711337e+08
1.571465664330094457e+08
1.563831824481500387e+08
1.554616462678121626e+08
1.545190421896902025e+08
1.536345585148126483e+08
1.528483492262146473e+08
1.522129355363262296e+08
1.517725390126362443e+08
1.515032899883227050e+08
1.513542175878893435e+08
1.513270211913708150e+08
1.514343273004295528e+08
1.516593597688282728e+08
1.519441463546661139e+08
1.522716812209400833e+08
1.526470425665365458e+08
1.530564586347697675e+08
1.534908074141004980e+08
1.539201471835841537e+08
1.542669567172060311e+08
1.544703284263118804e+08
1.545305960830971897e+08
1.545035511291492581e+08
1.544479982919233441e+08
1.543889791956180930e+08
1.543447380251396894e+08
1.543159648818708360e+08
1.543566555778079927e+08
1.544837152632156610e+08
1.547012700734281540e+08
1.550154682964356244e+08
1.554226780282738507e+08
1.558717845867576599e+08
1.562961612087285519e+08
1.566046016963804066e+08
1.567129188728709519e+08
1.565607248274419606e+08
1.561274867619714439e+08
1.554122522393807471e+08
1.544967714654636681e+08
1.535254353750976026e+08
1.526511480272472799e+08
1.519455741331666112e+08
1.513983691246038675e+08
1.509716572744662464e+08
1.506681117075394094e+08
1.505170945533842742e+08
1.505844494761452079e+08
1.509021867881187499e+08
1.514357869437940419e+08
1.521818884293920994e+08
1.530814865030512512e+08
1.540244680838315487e+08
1.549142255642598569e+08
1.556263931249399185e+08
1.560583065875055790e+08
1.561552165787910521e+08
1.559768586995003223e+08
1.556398891376235783e+08
1.552636847281602919e+08
1.549253023752067387e+08
1.546145652697342336e+08
1.543099057886575162e+08
1.540251541720477343e+08
1.537288472079824209e+08
1.534088533536680639e+08
1.531074813046679795e+08
1.529217612236498594e+08
1.529007903457832634e+08
1.530253418966037929e+08
1.532485628334173262e+08
1.535251488806879222e+08
1.538485615384574831e+08
1.542093266760308444e+08
1.545821643387756050e+08
1.549372304190860987e+08
1.552372652355750501e+08
1.553952934148546755e+08
1.553901729345828593e+08
1.552530613583685160e+08
1.550558199462169409e+08
1.548208557636263072e+08
1.545060346848213971e+08
1.541163545567070842e+08
1.537244248575722873e+08
1.534488896273740530e+08
1.533419706405254602e+08
1.534144731369666755e+08
1.536175024195953608e+08
1.538543297323912084e+08
1.540164628061098754e+08
1.540925790327559114e+08
1.540960038821108341e+08
1.540784543361289203e+08
1.541066020765874088e+08
1.541798871553561389e+08
1.542506248331657350e+08
1.542708018834905922e+08
1.542182557933321893e+08
1.541084813692950904e+08
1.539822181654206216e+08
1.538572296472135484e+08
1.537597325949933529e+08
1.537041661854323745e+08
1.537254185197269320e+08
1.538212455038769245e+08
1.539907495852536559e+08
1.542367031454456449e+08
1.545490635768171549e+08
1.548858177629137039e+08
1.552089841189899147e+08
1.554749379541104734e+08
1.556150688450379372e+08
1.555910616968789697e+08
1.553941281082334220e+08
1.550444766444782019e+08
1.545554972877562940e+08
1.539560571144353449e+08
1.532921899902894497e+08
1.526391839814874232e+08
1.520811542969847322e+08
1.516963304701519310e+08
1.515307091909130216e+08
1.515549862783588767e+08
1.517224730588824451e+08
1.519796807437662482e+08
1.523204112697711885e+08
1.527606515553180575e+08
1.532850137264827788e+08
1.538304227845517695e+08
1.543256960696363747e+08
1.547475358064576685e+08
1.550626338434204161e+08
1.552394787641485035e+08
1.552837211511502862e+08
1.552451228770295680e+08
1.551509275977793038e+08
1.550112001485510767e+08
1.548388562184935212e+08
1.546603213794650435e+08
1.544620623335764706e+08
1.542090355115956068e+08
1.538852546841894686e+08
1.535157698825006187e+08
1.531810272164070010e+08
1.529363429808439612e+08
1.528061292256824970e+08
1.528301134856264591e+08
1.530148078333086073e+08
1.533395015892251134e+08
1.537118594970404506e+08
1.540226466650866270e+08
1.542218151804079711e+08
1.543210808428083658e+08
1.543433967195190489e+08
1.542977511148676872e+08
1.541699986432055831e+08
1.539643635224123597e+08
1.537103309716029465e+08
1.535124368160924017e+08
1.534250435521850288e+08
1.534584431574155390e+08
1.535935236458626688e+08
1.537955096528240740e+08
1.540430471049812734e+08
1.543190806249935031e+08
1.545589612033180892e+08
1.547014145416465104e+08
1.547122485646544397e+08
1.545854710416788161e+08
1.543694899097778797e+08
1.541196742707556486e+08
1.538973045119990110e+08
1.537090277338473499e+08
1.535890049230183959e+08
1.535200708244680464e+08
1.534496446696470380e+08
1.533307280184547901e+08
1.531611764116933346e+08
1.529394244039488435e+08
1.527055608457719386e+08
1.525364817555781603e+08
1.524607555338524580e+08
1.524849725318555534e+08
1.526092737189025283e+08
1.528198123779869974e+08
1.530783316555629075e+08
1.533752836303812563e+08
1.536794157836606503e+08
1.539489070306780934e+08
1.541347251193226874e+08
1.542304864689103365e+08
1.542438513174394369e+08
1.541902704550281167e+08
1.540714291447819173e+08
1.538981276435497701e+08
1.536998134215395153e+08
1.534907130908731520e+08
1.532978129263135791e+08
1.531185702818793356e+08
1.529567314243612885e+08
1.528432589834634662e+08
1.527878557085945606e+08
1.527668062979550958e+08
1.527520190353148580e+08
1.527229235457484126e+08
1.527029583202594221e+08
1.527668160823765099e+08
1.529692647334502339e+08
1.533164540721095502e+08
1.537575117519836426e+08
1.542096648001063466e+08
1.546065109635985196e+08
1.549361601861928105e+08
1.551949532235516608e+08
1.553539092675593793e+08
1.554024606870015562e+08
1.553606645632632077e+08
1.552233020990043581e+08
1.550072048298406303e+08
1.547611143655686975e+08
1.545159717897745073e+08
1.542696376634563208e+08
1.540318087230671644e+08
1.538167692055071294e+08
1.536190204668325782e+08
1.534356662630257607e+08
1.532673691715230942e+08
1.531172004926567376e+08
1.529907854619072974e+08
1.528984633777329624e+08
1.528510351752185822e+08
1.528453837101271749e+08
1.528638286948939264e+08
1.528749736805205345e+08
1.528426362267628610e+08
1.527988607757341862e+08
1.527924140850193799e+08
1.528261926664142609e+08
1.528797744194486141e+08
1.529565138485780656e+08
1.530643117442414165e+08
1.531943533522513211e+08
1.533638565700159073e+08
1.535922153248195052e+08
1.538883973245528042e+08
1.542059114719066918e+08
1.544978647736532390e+08
1.547491832954086959e+08
1.549493608266326785e+08
1.550861761596149206e+08
1.551327633921564221e+08
1.550827118900857568e+08
1.549383628664321303e+08
1.546817397387233675e+08
1.543091217453161776e+08
1.538586794822818637e+08
1.533774672248110473e+08
1.529352042825216353e+08
1.525825950421330631e+08
1.523446168562430739e+08
1.522130576951921880e+08
1.522182714867810905e+08
1.523795603163115084e+08
1.526590529303725958e+08
1.529927944769404829e+08
1.533474415288913846e+08
1.537490359066925645e+08
1.542197253503409922e+08
1.546963826165401340e+08
1.551079605852603018e+08
1.553817835602602959e+08
1.554673402604375184e+08
1.553587641605644226e+08
1.551026380947448313e+08
1.547545326288959384e+08
1.543504159680788815e+08
1.538939356902909875e+08
1.534142434136444926e+08
1.529644536226270497e+08
1.526023562397766709e+08
1.523754262165468633e+08
1.522938136317813993e+08
1.523404054756236672e+08
1.524944270743472576e+08
1.527730236925328076e+08
1.531569361816855967e+08
1.535899690964457095e+08
1.539844162559992671e+08
1.542865817942578197e+08
1.544902100168482363e+08
1.545938005246719122e+08
1.545807891783968508e+08
1.544651339157105088e+08
1.542887780777575970e+08
1.540998520427823067e+08
1.539051261276757419e+08
1.537228185472436845e+08
1.535708710770554245e+08
1.534827806440741122e+08
1.534728846173963845e+08
1.535294201914322078e+08
1.536274963470829725e+08
1.537415302588374913e+08
1.538321003854016960e+08
1.538770779764342308e+08
1.538984334638101161e+08
1.539156550769332051e+08
1.539034107714234889e+08
1.538461591793657839e+08
1.537528185770942569e+08
1.536281197413407862e+08
1.534865038918310106e+08
1.533566049794714451e+08
1.532367207598239481e+08
1.530963038747089207e+08
1.529618579521434903e+08
1.528804568556746840e+08
1.528620045465545654e+08
1.529157883552801609e+08
1.530563793318304718e+08
1.532476970055072010e+08
1.534595960892455280e+08
1.537157805397550166e+08
1.540454424497007132e+08
1.544173627343511581e+08
1.547637831985460818e+08
1.550282288923686147e+08
1.551847130604553819e+08
1.552145146498832703e+08
1.551249395691910386e+08
1.549435085273205340e+08
1.546762250945801735e+08
1.543226229307783842e+08
1.539318364921070635e+08
1.535479358086553812e+08
1.531899379347326458e+08
1.528730365459246039e+08
1.526282579842546284e+08
1.524686199315890372e+08
1.523764274944523275e+08
1.523316895253911912e+08
1.523579372213842571e+08
1.524649076096170247e+08
1.526334744561591446e+08
1.528590581635098457e+08
1.531565124357875884e+08
1.535258654071011245e+08
1.539277447695733309e+08
1.543136222230582535e+08
1.546149852124036252e+08
1.548055772013374865e+08
1.548984114612534344e+08
1.548992647068740726e+08
1.547946636454809606e+08
1.545904547534720004e+08
1.543142582335202992e+08
1.539967817755704820e+08
1.536797964629301429e+08
1.534007406463328600e+08
1.532051226387929618e+08
1.531025235644425452e+08
1.530978123528335094e+08
1.531730071905830801e+08
1.532793261018113792e+08
1.533594200506105721e+08
1.533980302530350089e+08
1.534222660629523695e+08
1.534483292615376115e+08
1.534568928882349432e+08
1.534316145607014894e+08
1.533890472366839349e+08
1.533467736408182681e+08
1.533175670079552829e+08
1.533005788755883873e+08
1.532995837269584537e+08
1.533038593340611756e+08
1.533166312801661193e+08
1.533532591936321259e+08
1.534340571414927244e+08
1.535437360603680611e+08
1.536580857174850404e+08
1.537592615183741450e+08
1.538516617192074060e+08
1.539444452637746930e+08
1.540451747043732107e+08
1.541647433640918732e+08
1.542745659917317033e+08
1.543572922262853086e+08
1.544018456547655761e+08
1.543836282221668959e+08
1.542566165605537891e+08
1.540306847570756674e+08
1.537560239227353334e+08
1.534596133624177277e+08
1.531680379742837548e+08
1.529168505273958445e+08
1.527450169715938270e+08
1.526850653679458499e+08
1.527372766464407444e+08
1.528700709688328803e+08
1.530509428653460443e+08
1.532773342384504974e+08
1.535477018990614116e+08
1.538423010865739882e+08
1.541185314206884205e+08
1.543416402119839787e+08
1.545088003827892542e+08
1.546059258663041592e+08
1.546179981357427537e+08
1.545470133214813173e+08
1.544102889898112118e+08
1.542235947537764311e+08
1.540030608405193090e+08
1.537589937062727213e+08
1.534862320946250558e+08
1.531952876455000937e+08
1.529202116554479301e+08
1.526924362246434987e+08
1.525227275522012413e+08
1.524077238433992863e+08
1.523633304877289832e+08
1.523825932532598674e+08
1.524436356624457240e+08
1.525412586055529416e+08
1.526898665787326097e+08
1.528827793417324126e+08
1.530847255520538092e+08
1.532716160423873365e+08
1.534289611819282174e+08
1.535230509790011346e+08
1.535609636373320520e+08
1.535711582682649195e+08
1.535538297254255116e+08
1.535080195550953448e+08
1.534515829125334322e+08
1.534230298358358741e+08
1.534466645046574771e+08
1.535197685767215788e+08
1.536280894234480858e+08
1.537318592336101234e+08
1.537725984355993867e+08
1.537592757420337200e+08
1.537483982258807123e+08
1.537638415056470633e+08
1.537873659552952945e+08
1.537941885050139129e+08
1.537612754388051033e+08
1.537034703083459735e+08
1.536432952782950997e+08
1.535983242877306044e+08
1.535631398089187443e+08
1.535201315120240748e+08
1.534533304550148845e+08
1.533800582991276979e+08
1.533025875948294103e+08
1.532241380519514680e+08
1.531560556635453403e+08
1.531182962115786076e+08
1.531266939736412466e+08
1.531924285756852031e+08
1.532869925674464703e+08
1.533972664546274245e+08
1.535267510699633658e+08
1.536715514984838068e+08
1.538282778867135346e+08
1.539958368176563382e+08
1.541625641611295044e+08
1.542940423169758022e+08
1.543549154278879762e+08
1.543260876181899011e+08
1.541979725392312706e+08
1.539660680717146993e+08
1.536720774255912900e+08
1.533587694172815084e+08
1.530453748910211921e+08
1.527555258344632089e+08
1.525208794232275486e+08
1.523848020554239750e+08
1.523424055746710896e+08
1.523264911468670070e+08
1.523160420894748867e+08
1.523342011154259145e+08
1.523889532478463054e+08
1.524874254950954616e+08
1.526240030042307973e+08
1.527847776643094718e+08
1.529578979665051699e+08
1.531492189327248633e+08
1.533285022565244734e+08
1.534552242868431211e+08
1.535455183055693209e+08
1.536176096574694514e+08
1.536536101544321179e+08
1.536504567098883390e+08
1.536256745148549676e+08
1.535835266870788932e+08
1.535350107576214075e+08
1.534652735024901032e+08
1.533736353240719438e+08
1.532867078277801573e+08
1.532315652931040525e+08
1.532260313522234559e+08
1.532719251629389822e+08
1.533502068642350435e+08
1.534410705871945918e+08
1.535314584385630786e+08
1.536113133005702794e+08
1.536703955183795094e+08
1.537075308308571577e+08
1.537445509116677642e+08
1.538000688878875375e+08
1.538720394208514392e+08
1.539403441407740712e+08
1.539871131962002516e+08
1.540041388857549429e+08
1.539762323808826804e+08
1.538948462447905838e+08
1.537974547884112298e+08
1.537150343432397246e+08
1.536531577021344900e+08
1.535921198301599324e+08
1.535410638417284191e+08
1.535277840628049374e+08
1.535629627488362789e+08
1.536516289799695611e+08
1.537726159828112125e+08
1.538950463064383566e+08
1.540050207351290584e+08
1.540812240978543758e+08
1.540813970308030248e+08
1.539660415818869770e+08
1.537428879544205964e+08
1.534761822398754358e+08
1.532126764030488431e+08
1.529824494329110086e+08
1.528200563745524883e+08
1.527617720923422575e+08
1.527778459610463977e+08
1.528404375598891079e+08
1.529437915574931204e+08
1.530838590551471114e+08
1.532302945741401017e+08
1.533804809806521535e+08
1.535237000877909362e+08
1.536339076883748174e+08
1.537007079015351236e+08
1.537379770840951204e+08
1.537740811285379827e+08
1.538267234843734801e+08
1.538843695774696171e+08
1.539289400906957984e+08
1.539285979772139192e+08
1.538713782127801478e+08
1.537824723138846159e+08
1.537052947638709247e+08
1.536395560773613453e+08
1.535731362862769067e+08
1.535032194511112571e+08
1.534082863850022554e+08
1.532734434863746166e+08
1.531506701678625941e+08
1.530970465288837254e+08
1.531177069973104894e+08
1.531921271559958458e+08
1.532854709282983541e+08
1.533576460508314669e+08
1.533995735403715670e+08
1.534170435730123520e+08
1.534291311046220064e+08
1.534498092523742616e+08
1.534813433541693091e+08
1.534958682253200710e+08
1.534967881514045894e+08
1.535095179508997202e+08
1.535357116695376933e+08
1.535531024943743050e+08
1.535492016671447158e+08
1.535042047193477750e+08
1.534252533336755037e+08
1.533407685234410465e+08
1.532756616694231927e+08
1.532343858078950942e+08
1.532217217236933112e+08
1.532349019621791244e+08
1.532680447123341858e+08
1.533275481310033202e+08
1.534026871871199310e+08
1.534713466050406396e+08
1.535181652999701500e+08
1.535774294241440892e+08
1.536845469744895995e+08
1.537983060783267617e+08
1.538431761797663867e+08
1.538100944164856076e+08
1.537315217445977330e+08
1.536147231439080238e+08
1.534615057155538797e+08
1.532966092209003866e+08
1.531420655939757228e+08
1.530067074666884840e+08
1.528790686577585638e+08
1.527751590182892084e+08
1.527131547111232579e+08
1.526977034216677845e+08
1.527391076987061799e+08
1.528564281199495494e+08
1.530318489550745189e+08
1.532290617090951800e+08
1.534312982744055390e+08
1.536422724304970503e+08
1.538328837970899642e+08
1.539472998955079019e+08
1.539636621643106639e+08
1.539189920565546751e+08
1.538660398269842267e+08
1.538227839461401105e+08
1.537803733858666718e+08
1.537156122648688853e+08
1.536232840940992236e+08
1.535241092399526834e+08
1.534467289272396266e+08
1.533889781582507193e+08
1.533727299601778388e+08
1.534217381821249723e+08
1.535012154810694158e+08
1.535610665344501436e+08
1.535765474566219151e+08
1.535767817475718558e+08
1.535911744127998650e+08
1.536197423724431694e+08
1.536453810165499151e+08
1.536593760436282456e+08
1.536537481017950177e+08
1.536106734689499140e+08
1.535335705698924959e+08
1.534378899744838774e+08
1.533451092407906055e+08
1.532580112373018861e+08
1.531755321001852155e+08
1.530960737874040008e+08
1.530352713264503181e+08
1.530098829350826740e+08
1.530059480927830040e+08
1.530048186058847308e+08
1.530161759700858593e+08
1.530711353586458564e+08
1.531738115661945939e+08
1.533055020239446163e+08
1.534480462587367296e+08
1.535857686046528816e+08
1.537069920301196277e+08
1.537980466588705778e+08
1.538480514280764759e+08
1.538347152296779752e+08
1.537419704473867118e+08
1.536043895173783600e+08
1.534483168823012710e+08
1.532797816204930842e+08
1.531026076181409061e+08
1.529642158502670527e+08
1.528970511222920120e+08
1.529019720305841267e+08
1.529707637808068991e+08
1.530970896609014869e+08
1.532453311913705170e+08
1.533778490472404957e+08
1.534831624611170590e+08
1.535670783735274374e+08
1.536044007050499618e+08
1.535910338095993400e+08
1.535430785190146863e+08
1.534613953206115365e+08
1.533413616314704120e+08
1.531845821890019178e+08
1.530080426820020378e+08
1.528289945900840461e+08
1.526732319349513650e+08
1.525660314072726369e+08
1.525158117884863019e+08
1.525102606786893904e+08
1.525377351693887413e+08
1.525941286581848860e+08
1.526677075974323452e+08
1.527597951521160007e+08
1.528837300871655941e+08
1.530523848498401940e+08
1.532634312053582668e+08
1.534888527006492019e+08
1.536996801079121232e+08
1.538727974159092605e+08
1.539982345044445693e+08
1.540710026769131720e+08
1.540904716782217026e+08
1.540511757027636170e+08
1.539439283866391182e+08
1.537770898748663366e+08
1.535965418960505128e+08
1.534229097252308130e+08
1.532731841936043799e+08
1.531397326348943412e+08
1.530127346671580374e+08
1.528947157603817880e+08
1.527984429028196335e+08
1.527656487062512040e+08
1.528006030897295475e+08
1.528729679098692536e+08
1.529448209968636036e+08
1.530102292554891706e+08
1.530777495186142921e+08
1.531416428310542107e+08
1.531849103724596798e+08
1.532034283165701032e+08
1.532127582672589719e+08
1.532201408322707117e+08
1.532108513771834075e+08
1.531737528794631660e+08
1.531245583366040289e+08
1.530629028858260214e+08
1.530037455228100717e+08
1.529780227449306250e+08
1.529939565777981877e+08
1.530334963149004877e+08
1.530988006273022890e+08
1.531885912767510116e+08
1.532883911649282873e+08
1.534054982341027260e+08
1.535511076753380001e+08
1.536973292860937715e+08
1.538155176778967083e+08
1.538809617359717488e+08
1.538941335044710040e+08
1.538715872589312196e+08
1.538129784640548825e+08
1.537290700372137129e+08
1.536370215293389857e+08
1.535363090923638046e+08
1.534276615887780190e+08
1.533162899558990002e+08
1.532450084523808658e+08
1.532230811979449987e+08
1.532187645465165973e+08
1.532056534198787212e+08
1.531908811887446344e+08
1.531737237488034070e+08
1.531580761686377227e+08
1.531366292461362183e+08
1.531135827244943380e+08
1.530995558810158372e+08
1.531192326745437086e+08
1.531976220689978600e+08
1.532837386386007965e+08
1.533315885371036232e+08
1.533505409354718924e+08
1.533492486426018775e+08
1.533349037677304149e+08
1.533226024855887294e+08
1.533199609434157610e+08
1.533115111896121204e+08
1.532845481674808264e+08
1.532247417174770236e+08
1.531359029045549929e+08
1.530436754694963098e+08
1.529632329257600605e+08
1.529093824020920098e+08
1.529040079896933138e+08
1.529393168026933670e+08
1.529666693775725961e+08
1.529923822048930526e+08
1.530414678236307204e+08
1.531255671440734565e+08
1.532528385778863728e+08
1.533852510445949435e+08
1.534806768330812752e+08
1.535435784335381985e+08
1.535946986632281840e+08
1.536277300099017322e+08
1.536300155820179582e+08
1.536092487932266295e+08
1.535576982604753077e+08
1.534780559564649165e+08
1.533728833055978119e+08
1.532514414535304308e+08
1.531413914870812595e+08
1.530631327926204205e+08
1.530496325446469784e+08
1.531357247534147501e+08
1.533006029296063781e+08
1.534903339850914478e+08
1.536471257953552902e+08
1.537301391164054573e+08
1.537178440021421909e+08
1.536479043783159852e+08
1.535678311570613086e+08
1.534944221390213370e+08
1.534289260752461255e+08
1.533578728739154637e+08
1.532802633669108748e+08
1.532127154999213219e+08
1.531621512413752973e+08
1.531194105352633893e+08
1.530622841504277885e+08
1.529939441026194394e+08
1.529424887056465149e+08
1.529256275671006441e+08
1.529542885425693989e+08
1.530098317872982025e+08
1.530696817137766778e+08
1.531249353439551592e+08
1.531925695306133926e+08
1.532905621765483022e+08
1.534118218894519508e+08
1.535225451104043126e+08
1.536003161076281667e+08
1.536561932688386738e+08
1.537044807361142933e+08
1.537359463222028315e+08
1.537442282704226971e+08
1.537173886824512780e+08
1.536393426790161729e+08
1.535224670467146337e+08
1.533846165021977127e+08
1.532339148268260062e+08
1.530861449660509825e+08
1.529602654485139251e+08
1.529011005460526943e+08
1.529120900063898265e+08
1.529406909829435050e+08
1.529685191786172986e+08
1.530048007861458659e+08
1.530441773289400935e+08
1.530916295905503929e+08
1.531330609633897245e+08
1.531534631112606823e+08
1.531753027353954911e+08
1.532312311660791337e+08
1.533030676038322151e+08
1.533411317517573833e+08
1.533240526484157741e+08
1.532621864732509851e+08
1.531758922959109545e+08
1.530789212318877280e+08
1.529831297909743190e+08
1.529003253196939230e+08
1.528404357108026147e+08
1.528157373374708295e+08
1.528275753569099009e+08
1.528760170900593102e+08
1.529651492304223776e+08
1.530725960006703734e+08
1.531828098953618109e+08
1.532781776103550792e+08
1.533642647092663944e+08
1.534573340185798705e+08
1.535520334918460548e+08
1.536259388915804625e+08
1.536677094663936496e+08
1.536774335553624034e+08
1.536498289289265275e+08
1.535948558500781357e+08
1.535099866891233921e+08
1.533981280059206486e+08
1.532877922773695886e+08
1.532021582842215002e+08
1.531337973429113030e+08
1.530886854045774043e+08
1.530823763444529772e+08
1.531042032028614283e+08
1.531382498213959336e+08
1.531604898409816623e+08
1.531696204326771796e+08
1.531843874322006106e+08
1.532028132914718688e+08
1.531986638892035186e+08
1.531895476920436621e+08
1.531831579433808327e+08
1.531686469475017786e+08
1.531423087448583543e+08
1.531314888550682366e+08
1.531239087132326365e+08
1.530935544719494283e+08
1.530236610770549476e+08
1.529241492633414268e+08
1.528286161829737127e+08
1.527640335776924491e+08
1.527602748680046797e+08
1.528087011004755795e+08
1.528795041913034022e+08
1.529786727843081653e+08
1.531014083411729634e+08
1.532167310381168127e+08
1.532867119359922707e+08
1.533006748598443568e+08
1.532784183807923496e+08
1.532456148526177406e+08
1.532295626390720904e+08
1.532347178603644371e+08
1.532501179215907753e+08
1.532690875291402638e+08
1.532904081709203720e+08
1.533134123375197053e+08
1.533153319212873578e+08
1.532819918011081815e+08
1.532177369951750636e+08
1.531351446583191156e+08
1.530559014387997687e+08
1.529952359166865647e+08
1.529744032553656995e+08
1.530245019383321404e+08
1.531457429030538499e+08
1.532858758076814413e+08
1.534035615293897092e+08
1.534789792176750302e+08
1.535165054352276027e+08
1.535195370307440758e+08
1.534881722571662068e+08
1.534294682860233188e+08
1.533537423487117589e+08
1.532824183729412258e+08
1.532124690136449933e+08
1.531252750162892938e+08
1.530166042251622677e+08
1.529080708228017390e+08
1.528179563637567163e+08
1.527605161639560461e+08
1.527320151439584494e+08
1.527357024007697701e+08
1.527982586991544664e+08
1.529144684319671690e+08
1.530585706000567973e+08
1.531860619708956480e+08
1.532633800591193140e+08
1.533088926859449744e+08
1.533139953580628335e+08
1.532610429947797060e+08
1.531687156821116209e+08
1.530640198659575582e+08
1.529745398325832486e+08
1.529138809791980386e+08
1.528800427680673897e+08
1.528738340579169095e+08
1.528854588306096494e+08
1.528899273633577824e+08
1.528897262936380208e+08
1.529021695502703190e+08
1.529208356850522161e+08
1.529440645230654180e+08
1.529829591343869567e+08
1.530453133197352886e+08
1.531134064673596621e+08
1.531682423279097676e+08
1.532028892283078134e+08
1.532321808712090850e+08
1.532560483732028306e+08
1.532531373614361882e+08
1.532213062640063763e+08
1.531853905539778173e+08
1.531697050947056711e+08
1.531652799083609879e+08
1.531555738411477208e+08
1.531099167274333537e+08
1.530137244525966346e+08
1.528828885908335447e+08
1.527432498018981218e+08
1.526377324732778370e+08
1.525830608490605354e+08
1.525759941869446933e+08
1.526299108304691315e+08
1.527608172966730893e+08
1.529356139747587144e+08
1.531070553151550591e+08
1.532403962513372302e+08
1.533427573940008581e+08
1.534398982558725774e+08
1.535209119735521376e+08
1.535757700198061764e+08
1.536059547230481207e+08
1.535976536068773270e+08
1.535501060986039639e+08
1.534985442027343214e+08
1.534608268072816730e+08
1.534065162406616211e+08
1.533043117000811100e+08
1.531461346274982989e+08
1.529564966127436757e+08
1.527637380324939787e+08
1.525969343718601763e+08
1.524786581403793097e+08
1.524208184826484025e+08
1.524198173302438259e+08
1.524703012857598066e+08
1.525729356593264043e+08
1.527224991505986750e+08
1.528793543630549014e+08
1.529828412367756665e+08
1.530129539970468581e+08
1.530106672545105219e+08
1.530222567562560737e+08
1.530486596226000488e+08
1.530632432268708348e+08
1.530677468776669204e+08
1.530767740428764224e+08
1.530749899906222224e+08
1.530513556135631502e+08
1.530269676651605666e+08
1.530189513433945179e+08
1.530098360433778167e+08
1.530102734832782745e+08
1.530237870261485875e+08
1.530445172073147297e+08
1.530644482904423475e+08
1.530765990020788610e+08
1.530581179977225065e+08
1.530210819319318533e+08
1.530025511712328792e+08
1.530126973752111495e+08
1.530443536325056255e+08
1.530813792553717196e+08
1.531185435682722330e+08
1.531446929019410312e+08
1.531635352856599391e+08
1.531573515772866905e+08
1.531178174755047262e+08
1.530731294014827311e+08
1.530717245982905626e+08
1.531357473302907050e+08
1.532408099893897772e+08
1.533501605383055508e+08
1.534416240105306506e+08
1.534971368620921373e+08
1.535083420805200636e+08
1.535037226572627127e+08
1.534930685301097035e+08
1.534627641006710529e+08
1.534050370012431741e+08
1.533226733802584112e+08
1.532615430323615074e+08
1.532485430520083904e+08
1.532723062274081707e+08
1.532869833841020763e+08
1.532664820594912469e+08
1.532244194255218506e+08
1.531807865612156093e+08
1.531347032879745662e+08
1.530766032025317848e+08
1.530097076975626945e+08
1.529400551260624528e+08
1.528875399579643011e+08
1.528544766586974859e+08
1.528427085905959606e+08
1.528609591882731915e+08
1.529109050783898234e+08
1.529823132572285533e+08
1.530403653263225257e+08
1.530687999864891768e+08
1.530887128293698132e+08
1.531158158186191916e+08
1.531369437020649314e+08
1.531546584591496885e+08
1.531608121902203560e+08
1.531594237002604306e+08
1.531684439631045461e+08
1.531682027999747992e+08
1.531345933893093467e+08
1.530706600057619512e+08
1.529876592220243514e+08
1.529263238071111143e+08
1.529200991412711740e+08
1.529615244437186718e+08
1.530081334654039741e+08
1.530462503668114543e+08
1.530629095029751658e+08
1.530375579264977574e+08
1.529804481627562642e+08
1.529192205554680824e+08
1.528555853833911121e+08
1.528087868085496724e+08
1.527992047925535738e+08
1.528130111090908945e+08
1.528205934183173776e+08
1.528049613316282034e+08
1.527646700744189918e+08
1.527299915679583549e+08
1.527214897820930481e+08
1.527359191708171070e+08
1.527838507652823925e+08
1.528734554231384099e+08
1.530120757673151791e+08
1.531780375674701631e+08
1.533602584266852736e+08
1.535395189929239154e+08
1.536984714565969706e+08
1.538076514531922340e+08
1.538474509366573393e+08
1.538116994528017640e+08
1.537352025620696247e+08
1.536430655453991890e+08
1.535524272041082382e+08
1.534464528019402921e+08
1.533023127132392824e+08
1.531478345485813618e+08
1.530295362027798295e+08
1.529401100276734531e+08
1.528557296701169908e+08
1.527644653526429832e+08
1.526853551967270374e+08
1.526403547756258547e+08
1.526464752065414190e+08
1.526850643500551581e+08
1.527456029395895302e+08
1.528303970494605303e+08
1.529241770046476126e+08
1.529899025816523731e+08
1.530005414217966199e+08
1.529667702998236120e+08
1.529182005852121413e+08
1.528591403725521266e+08
1.528013942124677598e+08
1.527528164383718073e+08
1.527226909598409235e+08
1.527176119675455093e+08
1.527100425761927962e+08
1.526883787341827154e+08
1.526610166074420214e+08
