0.000000000000000000e+00
5.531149775097905658e+05
2.226917144056388177e+06
5.066143476506263018e+06
9.148752840673252940e+06
1.459214225411774963e+07
2.156127854898163676e+07
3.028333194540849328e+07
4.106698538254812360e+07
5.433386353882000595e+07
7.066347965127545595e+07
9.086200049210736156e+07
1.160680381327629089e+08
1.479133532476673424e+08
1.887870510564743280e+08
2.423173435502393544e+08
3.145338804327092767e+08
4.176136806768957973e+08
5.881785431819829941e+08
8.283587904963537455e+08
8.879231415013039112e+08
7.501045420719610453e+08
5.287117810425543785e+08
3.864302091886478066e+08
2.977870643096251488e+08
2.380446118858962655e+08
1.952270173551494479e+08
1.632445461350486875e+08
1.386999382586290240e+08
1.194852959295396656e+08
1.041825897410412282e+08
9.183152179524263740e+07
8.278902790211643279e+07
7.587186778885930777e+07
7.045534597857248783e+07
6.630590904990868270e+07
6.338560624327494204e+07
6.178053551178628206e+07
6.168473319288410246e+07
6.331801760392522812e+07
6.688391223320217431e+07
7.256775148462785780e+07
8.055057131935264170e+07
9.103616013406129181e+07
1.043735193646318316e+08
1.211602262832745910e+08
1.420477872580673099e+08
1.678831371703056991e+08
2.015840403976245522e+08
2.501853137911384106e+08
3.282848819803035855e+08
4.444058974038231373e+08
5.343180155321741700e+08
5.606954059013830423e+08
4.932086267393580675e+08
3.920344771605597734e+08
3.104129304543907642e+08
2.575417827765498757e+08
2.210503149505348802e+08
1.939615419102921486e+08
1.721042716035251021e+08
1.537557634963689446e+08
1.390308404965469837e+08
1.282336893810921311e+08
1.215099571488993466e+08
1.187233166037603915e+08
1.197100651157220602e+08
1.241659273487616330e+08
1.317804349040229023e+08
1.419444151812491417e+08
1.540202422180999815e+08
1.676367692654993236e+08
1.821889441465156376e+08
1.980295403144560754e+08
2.174954209565712214e+08
2.436767089367260337e+08
2.780918310287598372e+08
3.143545143330593109e+08
3.404754877488787174e+08
3.465024814022302032e+08
3.288602923964234591e+08
2.992321185166142583e+08
2.744738769709092975e+08
2.545356881202370524e+08
2.371895638201449811e+08
2.211113317606847584e+08
2.064347010024330616e+08
1.937583527452437580e+08
1.837396639632932246e+08
1.769850589935799241e+08
1.738202922466812730e+08
1.743534667000770271e+08
1.786076739408361912e+08
1.866780944621265531e+08
1.983653953760746419e+08
2.128556879957255423e+08
2.282367803083664477e+08
2.419908957215561569e+08
2.517439666956495047e+08
2.540587750781017840e+08
2.493266699050504565e+08
2.400849992686115205e+08
2.288449391171314120e+08
2.181423989460920095e+08
2.088055313436244428e+08
2.009834792853369713e+08
1.946931645396052599e+08
1.900014344027400911e+08
1.870963413108021021e+08
1.860352674900497198e+08
1.869763998763942719e+08
1.898964790919276476e+08
1.945038048410466611e+08
2.005929024052506983e+08
2.065114376130077243e+08
2.104116965829259753e+08
2.115685941668665409e+08
2.106643299123302698e+08
2.076204449193443656e+08
2.031929971149813235e+08
1.986435720172185302e+08
1.949451559123376310e+08
1.929908207210380435e+08
1.929896542994194031e+08
1.949778537289691567e+08
1.989804513926723003e+08
2.045539733886927366e+08
2.105167091903862357e+08
2.160226731176499724e+08
2.205261400374723077e+08
2.229256254553262591e+08
2.223893520246432424e+08
2.192808124865823984e+08
2.147989636487483978e+08
2.102161458916647434e+08
2.064548109777086675e+08
2.042660790916664600e+08
2.038710647662098408e+08
2.049000617517809272e+08
2.068637589166441560e+08
2.094167682099815607e+08
2.122563288271233439e+08
2.145537067922631502e+08
2.152928191558464766e+08
2.144421832905825973e+08
2.125844408715994358e+08
2.101185693084110618e+08
2.071848779231063724e+08
2.043016299004749358e+08
2.017162094702470005e+08
1.993660886475976706e+08
1.971118019416802526e+08
1.952392172884205282e+08
1.935911237231678367e+08
1.920339244502711892e+08
1.905008152223342657e+08
1.897196771936002970e+08
1.901988256033948064e+08
1.920765735477853119e+08
1.951522791006277502e+08
1.993033109461484551e+08
2.040880570445032418e+08
2.090938415027411580e+08
2.136117587925935388e+08
2.167381133237379789e+08
2.174855426642390788e+08
2.160580897100228667e+08
2.128065911214971542e+08
2.088938071396247149e+08
2.054793182255975604e+08
2.028138600646020174e+08
2.011756578239015937e+08
2.010084420698938668e+08
2.020510434704414010e+08
2.039325267809014320e+08
2.061134742933877707e+08
2.076352155559815764e+08
2.077859426952217221e+08
2.070305632275952697e+08
2.054596352834296823e+08
2.032426901173737645e+08
2.010847559975072742e+08
1.990221007168270946e+08
1.966056316364235878e+08
1.947080859380508363e+08
1.932357438275327086e+08
1.921929215314764977e+08
1.916577199642159343e+08
1.916024222286021709e+08
1.923070605707514882e+08
1.943118519319362044e+08
1.974498132616755366e+08
2.010739749223250747e+08
2.048723567594801784e+08
2.079701492710165381e+08
2.096095370412865579e+08
2.097695763313395679e+08
2.087248325028821826e+08
2.059939750799114108e+08
2.024412444040150642e+08
1.988085713170919418e+08
1.952543239029845595e+08
1.931053303642894924e+08
1.927229791338768303e+08
1.938368237437706292e+08
1.962043739678273797e+08
1.997324592059810460e+08
2.041581674176394939e+08
2.091675541636216640e+08
2.138786244509628415e+08
2.174164018333564401e+08
2.196526345028327107e+08
2.203132760666663051e+08
2.185498573031719029e+08
2.145217234837517738e+08
2.088530878021584153e+08
2.020963565596951544e+08
1.955690554950785935e+08
1.901951617814496756e+08
1.861836176953591704e+08
1.833261146638087034e+08
1.816348332606502175e+08
1.815108284003414810e+08
1.831744798254960179e+08
1.866386467389185131e+08
1.917018024610936046e+08
1.976670090352295637e+08
2.036081622679340839e+08
2.082517778699603677e+08
2.110276254360168576e+08
2.122888859043795466e+08
2.119690984742609262e+08
2.095341232572060525e+08
2.057849115830039382e+08
2.020559158039776087e+08
1.990493651045733094e+08
1.973874466752659678e+08
1.973727221615641713e+08
1.988735172648037076e+08
2.013849750710184872e+08
2.039978356955755055e+08
2.063206334688496590e+08
2.082459549907715917e+08
2.094973481383604407e+08
2.091991497837010622e+08
2.074109669705171585e+08
2.046406422130439281e+08
2.014054142188361883e+08
1.983560231192253530e+08
1.959361139136664271e+08
1.941489641877681017e+08
1.925985035414009988e+08
1.910795656323517561e+08
1.904160715522887111e+08
1.908637741535749733e+08
1.921581947879471183e+08
1.938822764243611395e+08
1.957461355900308490e+08
1.975939466118203402e+08
1.992214465320387781e+08
2.008574687896628380e+08
2.027237272594674230e+08
2.044734421051013470e+08
2.054114364096662700e+08
2.048354165978354812e+08
2.034577753264591098e+08
2.018763454553811550e+08
2.001304397787729204e+08
1.983620772817244530e+08
1.968046532375185490e+08
1.957133623536773324e+08
1.954056010818524659e+08
1.963306166989211440e+08
1.986355984332690835e+08
2.018222671584763229e+08
2.051128487214508951e+08
2.075693817980068028e+08
2.086662049575614333e+08
2.087446044231972098e+08
2.078636922030569911e+08
2.058861998836666346e+08
2.030882701503921747e+08
1.999619264932535887e+08
1.970515587833648324e+08
1.948920860283938646e+08
1.936800737152861059e+08
1.932322621733552217e+08
1.931539553398331404e+08
1.930182324036931098e+08
1.929008503384480178e+08
1.930839167190926671e+08
1.936700758483695984e+08
1.944937663906871080e+08
1.954814376613195539e+08
1.967962289522793591e+08
1.984474235175523162e+08
2.003267068206760287e+08
2.023320268416813016e+08
2.040875824473960698e+08
2.047799374839563370e+08
2.039280213299116790e+08
2.020779146683149934e+08
1.998651314344191551e+08
1.976586506869641542e+08
1.958343504694593251e+08
1.949135910991815925e+08
1.950509597550645471e+08
1.961842369692265093e+08
1.981869085040773451e+08
2.008175485950535536e+08
2.034532908138622046e+08
2.049832233858290315e+08
2.047060934064852297e+08
2.030187441623601317e+08
2.004602091519974470e+08
1.972212993093050718e+08
1.941268811296867430e+08
1.920097039799094796e+08
1.909936329781521857e+08
1.910069058602618575e+08
1.920136777372789979e+08
1.940000122630228698e+08
1.966191954628748000e+08
1.989306285455647707e+08
2.003876833286775351e+08
2.010109179184295535e+08
2.009229774747429490e+08
1.999392502134547830e+08
1.988183563031400144e+08
1.982870899428734779e+08
1.984010463677336276e+08
1.990536447294313014e+08
1.999956460288420916e+08
2.011150608859490156e+08
2.022749338061348200e+08
2.027165821070198119e+08
2.022395687105726600e+08
2.010937371396341324e+08
1.994132399954062104e+08
1.972985999196742773e+08
1.955087727249528766e+08
1.944242888065063059e+08
1.940657070018950105e+08
1.943610641833919287e+08
1.951936727945499420e+08
1.964224283644280434e+08
1.978236846858746409e+08
1.987315959650160670e+08
1.989916145536714196e+08
1.987933235156077743e+08
1.981400430367207825e+08
1.971638503314672112e+08
1.964515630341853797e+08
1.961499417478133440e+08
1.961440535495395660e+08
1.964875464863467813e+08
1.973127528530019522e+08
1.985283669196853042e+08
1.996013451409368813e+08
1.999630306178219914e+08
1.995972693340395093e+08
1.986815015015525520e+08
1.974206693685942888e+08
1.962516014210617840e+08
1.956476848761727810e+08
1.955798214550485313e+08
1.959146446173961163e+08
1.966723706134818196e+08
1.978672419603534043e+08
1.993051093965593576e+08
2.002459113339305818e+08
2.002557068130792379e+08
1.994562816618939042e+08
1.980354650572859645e+08
1.963538777712362111e+08
1.950810882501481771e+08
1.945710078773195148e+08
1.947395226705039740e+08
1.955114886661976576e+08
1.968844103928506374e+08
1.988011944790968597e+08
2.008076185955162048e+08
2.020419926238947511e+08
2.021384848570324779e+08
2.011080252105455995e+08
1.991460568952184319e+08
1.968364976922799051e+08
1.949247550820688605e+08
1.936305711619533300e+08
1.929526833647618294e+08
1.929172714580367804e+08
1.936331743131574392e+08
1.950649567136403918e+08
1.967435366431534290e+08
1.981798931966274381e+08
1.991343619890795946e+08
1.995116963361388445e+08
1.991952336887208819e+08
1.986095285838511586e+08
1.982851399870920181e+08
1.982571131337454021e+08
1.983840788427537680e+08
1.985820047631391883e+08
1.988769298485350013e+08
1.990978049633978307e+08
1.989139887329087555e+08
1.983175671576635838e+08
1.973739471942467988e+08
1.961329813904169202e+08
1.946770630348938704e+08
1.935154834621411562e+08
1.929930590821322799e+08
1.931667122719270885e+08
1.939698727729254365e+08
1.952482221315726340e+08
1.968763688702417612e+08
1.985050660035981238e+08
1.996077596532370150e+08
2.001003559262195826e+08
2.000464648381260037e+08
1.993890218408508897e+08
1.982491186013018489e+08
1.970160394834650457e+08
1.959610084109717607e+08
1.953360068452229500e+08
1.951625336706937551e+08
1.953877154621008635e+08
1.960105091016976535e+08
1.967478908574951887e+08
1.973366715581805706e+08
1.978231855948190391e+08
1.981001195079830289e+08
1.979567691641009748e+08
1.974068721540733576e+08
1.965704547765942514e+08
1.956962042749462128e+08
1.950912950089800954e+08
1.947885002564586103e+08
1.947842563159286082e+08
1.950510334975943267e+08
1.953427572618783116e+08
1.956710351754423976e+08
1.962241540835511684e+08
1.969567386192891002e+08
1.977376038995953202e+08
1.984779271112222672e+08
1.989409985670549870e+08
1.990504869665712118e+08
1.989574863465504944e+08
1.987346047007203400e+08
1.984370063787486553e+08
1.979396993758683801e+08
1.971000882395049334e+08
1.961149848280432522e+08
1.951964486643454134e+08
1.944288976586781740e+08
1.939141409390929043e+08
1.936860823260689974e+08
1.936395977268234789e+08
1.937255329029440582e+08
1.940474736216855943e+08
1.947140203724191785e+08
1.956781802815797925e+08
1.966387387184255719e+08
1.974034628011611998e+08
1.979659049809417129e+08
1.983329533164816499e+08
1.985364371255712807e+08
1.986104290051766634e+08
1.985669427447256148e+08
1.983288597489158511e+08
1.978349653576746583e+08
1.972260410032299757e+08
1.966918896672567129e+08
1.961792251906103194e+08
1.955402372080299258e+08
1.949149726837195754e+08
1.944708461482047439e+08
1.942657802257344723e+08
1.943046709861938655e+08
1.945468970494638681e+08
1.949428600188368559e+08
1.954593837396519184e+08
1.960044236721905172e+08
1.965212769477648735e+08
1.969077391342641711e+08
1.969099973215281963e+08
1.965216661638427377e+08
1.959901966076777875e+08
1.955166912365823090e+08
1.952046447037394047e+08
1.951034310366141200e+08
1.952192182642459273e+08
1.955661040259527564e+08
1.961070173607867956e+08
1.967638484208370447e+08
1.973500320896419883e+08
1.975442718150033057e+08
1.971869263170080781e+08
1.964399260460877419e+08
1.955295534583515525e+08
1.946569838928470016e+08
1.940161158303010464e+08
1.936859684587344825e+08
1.937245459177505970e+08
1.941967673406405449e+08
1.950882082082852125e+08
1.962415245340351462e+08
1.972261900810125470e+08
1.976492028053964972e+08
1.975120165604369342e+08
1.969370480208602846e+08
1.960786290010102689e+08
1.952249621220463812e+08
1.946420191024888754e+08
1.944200246063026786e+08
1.945971233073220253e+08
1.951976648204577565e+08
1.961906078917781711e+08
1.973585323505042791e+08
1.981764614372110367e+08
1.983785465494675934e+08
1.979491670891858935e+08
1.968856800487624407e+08
1.953640648641256988e+08
1.938974001822226048e+08
1.928814934574498534e+08
1.924531468330823481e+08
1.926422369079613090e+08
1.934331487207564116e+08
1.947032909009216130e+08
1.960748502141877413e+08
1.970987368040768504e+08
1.976731757251625061e+08
1.977198417505387068e+08
1.971312283509143591e+08
1.960605332861060500e+08
1.950148167329263091e+08
1.942927751037207246e+08
1.939576588828169703e+08
1.940643117436023951e+08
1.946395054589948058e+08
1.955315651791177094e+08
1.963110244912789464e+08
1.967532656601592004e+08
1.967699801153716445e+08
1.962886467246166766e+08
1.952979777630413771e+08
1.941706915774876475e+08
1.934189347431398034e+08
1.932175040150279403e+08
1.935029769023049474e+08
1.942188900014770627e+08
1.952317729443827868e+08
1.962479078068613708e+08
1.969738036142176092e+08
1.972150335046935081e+08
1.969093212168480754e+08
1.960745898259952068e+08
1.949510343613746762e+08
1.940292049430331588e+08
1.936014409031582475e+08
1.937125306728174090e+08
1.942664121276669502e+08
1.951086286976257563e+08
1.960555497607317269e+08
1.969187770592905879e+08
1.974952218629323244e+08
1.975924879529111385e+08
1.971094041270351410e+08
1.961508300737153888e+08
1.951182594806566834e+08
1.943156731101568937e+08
1.938919437685006261e+08
1.938861014691753685e+08
1.941684172006322145e+08
1.945548750067116618e+08
1.949495574864072502e+08
1.952664684434647858e+08
1.953739719310392439e+08
1.951849966805717349e+08
1.947341362905802727e+08
1.943115486763176918e+08
1.941369395867237449e+08
1.943023239796190262e+08
1.947900432055468559e+08
1.954643795296220779e+08
1.960947416799597740e+08
1.964924491575515568e+08
1.965978637757231891e+08
1.963657418740166426e+08
1.957278617047616839e+08
1.947248839542828202e+08
1.936452928125714660e+08
1.927580829636194706e+08
1.921977138704469204e+08
1.920715859847630858e+08
1.923678175607819855e+08
1.929753191191228032e+08
1.937569597922825217e+08
1.946270826561920643e+08
1.954989214129453301e+08
1.961981730172020495e+08
1.965730049728017449e+08
1.966696110515636802e+08
1.965862374187016487e+08
1.964362524355876148e+08
1.962621632576485872e+08
1.960189756530989110e+08
1.956686334168523550e+08
1.952500031280764341e+08
1.948170114472297132e+08
1.944757288818312287e+08
1.942358809886471033e+08
1.940215605223851204e+08
1.938846100778819323e+08
1.938695419223731160e+08
1.939975418542468548e+08
1.942625986597092748e+08
1.945989687802560627e+08
1.948709659063377976e+08
1.950106076213957965e+08
1.950374791145092845e+08
1.949967880557342172e+08
1.949055437221561968e+08
1.947121871478382349e+08
1.944649242774630189e+08
1.942332533958224058e+08
1.940523532855591178e+08
1.939673303755666316e+08
1.940014735901676416e+08
1.941181785360637307e+08
1.942981710491030216e+08
1.945460585656329691e+08
1.948866151645180583e+08
1.953109014403859675e+08
1.957015393520652056e+08
1.959681467735343575e+08
1.961235364014264643e+08
1.961048738243582845e+08
1.958591420461971164e+08
1.954193558021819592e+08
1.948401984430558085e+08
1.941844442293186188e+08
1.935796552041037679e+08
1.931775295045235753e+08
1.930551992972192168e+08
1.931779674424938560e+08
1.935119751285750866e+08
1.940376425580208302e+08
1.946810250655973554e+08
1.952854066411287785e+08
1.957096500383132398e+08
1.959026674437444806e+08
1.958322285973974466e+08
1.955435382232103348e+08
1.951493386989576221e+08
1.947486537464917302e+08
1.943514789887035191e+08
1.939669422592629194e+08
1.936546096229532659e+08
1.934794267907252014e+08
1.933945152445489466e+08
1.933177811076490879e+08
1.932622953534712791e+08
1.932687154130275846e+08
1.933469134351686835e+08
1.935527147965123951e+08
1.939315115284555554e+08
1.944341902744339705e+08
1.949372776333470941e+08
1.953838940591406822e+08
1.957301975852980614e+08
1.959270282082656026e+08
1.959003501880455613e+08
1.955949371007117629e+08
1.950734223413566351e+08
1.944717284542942643e+08
1.939318121477042437e+08
1.935926867809945345e+08
1.935544763728155792e+08
1.937722083518621922e+08
1.941294619896523058e+08
1.945224692319626808e+08
1.948881552134545445e+08
1.951430145736610591e+08
1.952181298444531560e+08
1.951145279563234448e+08
1.948753326841430664e+08
1.945881763602150381e+08
1.943541799656853676e+08
1.942550696447959840e+08
1.942810714444093108e+08
1.943260859967722297e+08
1.942696868279884458e+08
1.941211669435365796e+08
1.939474635043339133e+08
1.937628853876348734e+08
1.935949530826668143e+08
1.935006108530100584e+08
1.935184644409409165e+08
1.936854968600188494e+08
1.940223072853930891e+08
1.945302801368413866e+08
1.950858360568414032e+08
1.954816228086231947e+08
1.955763180857534111e+08
1.954038235953348875e+08
1.950508753217144907e+08
1.946011266044316888e+08
1.941651305014554858e+08
1.938042878800821006e+08
1.935251251015459597e+08
1.933425540823130012e+08
1.933356197144357860e+08
1.935053442011086941e+08
1.937602812107623518e+08
1.939722726206693053e+08
1.941115890279150605e+08
1.942624603563383222e+08
1.944339016325067580e+08
1.946106606551105976e+08
1.947754360183488131e+08
1.949048610559790134e+08
1.949587667096934617e+08
1.949560394002536535e+08
1.949213600033898950e+08
1.948144077627366781e+08
1.945634714707704782e+08
1.941474316822262406e+08
1.936978489497174621e+08
1.933448877324618697e+08
1.931813007950528264e+08
1.932068609767964482e+08
1.933765806216705441e+08
1.936086326173663735e+08
1.938526376123915911e+08
1.941164208582299054e+08
1.943598515204822421e+08
1.945157944450561404e+08
1.945145711727467179e+08
1.944007391946753263e+08
1.943048287168513536e+08
1.942695513632571399e+08
1.943032450310801864e+08
1.943654990885954499e+08
1.943731030060939789e+08
1.942914895618535578e+08
1.941400036403178573e+08
1.939486575992075801e+08
1.937099874079519808e+08
1.934270221384497881e+08
1.931853008327940106e+08
1.931324171892430186e+08
1.933546965489310622e+08
1.938231075387832522e+08
1.944196046362078190e+08
1.949518012107968330e+08
1.952806274548867643e+08
1.953607209873875678e+08
1.952132562825377882e+08
1.948971904428080916e+08
1.944858211941954195e+08
1.940349648992258310e+08
1.936709221036919057e+08
1.934945092721295953e+08
1.935466649142363966e+08
1.937637319826929271e+08
1.940232978422071338e+08
1.942301809745305181e+08
1.943393453383659720e+08
1.943396986284492612e+08
1.942230189979988933e+08
1.940210640709208250e+08
1.937998608279515505e+08
1.936405155204294920e+08
1.936147140765837431e+08
1.937375939379529059e+08
1.939347365672505200e+08
1.940617200430498123e+08
1.940376197717392147e+08
1.938630420605635047e+08
1.935719700073787570e+08
1.932262984160414934e+08
1.929119460534866452e+08
1.927086991804368198e+08
1.927115225084849000e+08
1.929734109501628876e+08
1.934631889900320768e+08
1.940685078895490766e+08
1.946371867120435834e+08
1.949956987979155183e+08
1.951036028102560341e+08
1.949999707050998807e+08
1.947373791514077187e+08
1.943780140014099777e+08
1.939726821849963069e+08
1.936088944214926362e+08
1.934002925705404282e+08
1.934012361155515909e+08
1.935799652350957990e+08
1.937881083990779519e+08
1.938812253138020635e+08
1.938565736919300854e+08
1.937856620479881167e+08
1.937631256433265209e+08
1.937952579655244946e+08
1.938592406938925982e+08
1.939718074552465677e+08
1.941793885749908090e+08
1.944685120717705190e+08
1.947642441721740961e+08
1.949420891386104226e+08
1.948458278016105890e+08
1.944490911063410044e+08
1.938852228335067034e+08
1.933378181125792563e+08
1.929138037086650729e+08
1.926640631681644917e+08
1.926332538424450755e+08
1.928571694390239418e+08
1.933324364324761629e+08
1.939598920526822209e+08
1.945753569501768053e+08
1.949831890464696884e+08
1.950551101786712408e+08
1.948459254279025197e+08
1.944745002322823405e+08
1.940527830670723915e+08
1.936455712815241218e+08
1.933107333820302188e+08
1.931256051724635363e+08
1.931332754606383741e+08
1.933142257135767341e+08
1.935775524689601064e+08
1.937762204352411032e+08
1.937820765281008482e+08
1.936310510624930263e+08
1.934442427712959349e+08
1.933031618574941158e+08
1.932416191943066418e+08
1.932811462724213004e+08
1.934663705136203170e+08
1.937973079669914246e+08
1.942108137741668820e+08
1.946145629376497567e+08
1.948912055383185744e+08
1.948960785215552151e+08
1.946039703855729699e+08
1.941340394768944383e+08
1.936239506193210483e+08
1.931702982446613014e+08
1.928518565156420469e+08
1.927455945139010549e+08
1.928431284252686501e+08
1.930875303785955310e+08
1.934424368814338744e+08
1.938548499503200352e+08
1.942211378419985175e+08
1.944314480435351133e+08
1.944736849787953496e+08
1.944025287457690835e+08
1.942480040931507051e+08
1.940278839501678944e+08
1.937912966888508797e+08
1.936165029637246728e+08
1.935118939123216271e+08
1.934486993846762180e+08
1.934307754542762637e+08
1.934526953941646814e+08
1.934936345971854627e+08
1.935630866544852257e+08
1.936686293134402037e+08
1.937987496979647279e+08
1.939163369204933047e+08
1.939899710641029477e+08
1.940274193491724432e+08
1.940609400106913447e+08
1.940858405398389697e+08
1.941092111280917525e+08
1.941503204391723275e+08
1.942067969240431786e+08
1.942284801943428814e+08
1.942107916693143845e+08
1.941633986086357236e+08
1.940524432114236951e+08
1.938391544049628973e+08
1.935435325427747667e+08
1.932542179270923436e+08
1.930434125258893371e+08
1.929408146573917866e+08
1.930083871414454281e+08
1.932418343060848713e+08
1.935667950054633915e+08
1.938916512788802087e+08
1.941565289658504128e+08
1.943120734875890315e+08
1.942553906579062343e+08
1.939445661602307558e+08
1.934809893423352242e+08
1.930054626231914163e+08
1.926329392089415789e+08
1.924505021807301641e+08
1.925004574636370540e+08
1.927604605651777387e+08
1.931511788913457990e+08
1.935977101858866811e+08
1.940081868859993517e+08
1.942718675026523471e+08
1.942972413769302666e+08
1.940880432809236050e+08
1.937756195167059302e+08
1.934851295210244060e+08
1.933271410079115033e+08
1.933669129024879336e+08
1.935830836743493676e+08
1.938870939366062880e+08
1.941915518949471712e+08
1.944397432053144574e+08
1.945250161114953160e+08
1.943497115659101605e+08
1.939118814054721594e+08
1.933493477167119384e+08
1.928628393005973697e+08
1.926043785488448143e+08
1.926479858126969337e+08
1.929741731430142522e+08
1.934823949013909101e+08
1.940377866035380363e+08
1.945119445218035579e+08
1.947784010382783711e+08
1.947405322541236877e+08
1.943708153378888369e+08
1.937916536183654666e+08
1.932301464788365960e+08
1.928486106634692550e+08
1.927411616993944049e+08
1.929023280353150368e+08
1.932718577683791518e+08
1.937487764167296886e+08
1.942162546073095798e+08
1.945609743947516084e+08
1.946441033129400015e+08
1.943940785260725915e+08
1.938756221400729418e+08
1.932784063406252563e+08
1.927986250117645264e+08
1.925661669476767480e+08
1.926108169557592273e+08
1.928903640603025854e+08
1.932959279686800838e+08
1.937504028551689684e+08
1.941369259142916799e+08
1.943340714885595739e+08
1.942749264162234068e+08
1.939661603258011341e+08
1.935205735826061964e+08
1.931314160925082862e+08
1.929246293610181808e+08
1.929491094206289649e+08
1.931557401755952835e+08
1.934349679535966814e+08
1.936878692883481979e+08
1.938872938090129197e+08
1.939976940986080766e+08
1.939445399807825089e+08
1.937071917756335437e+08
1.933803474703831077e+08
1.930935967065594196e+08
1.929501880630289316e+08
1.929938303301402330e+08
1.931788394066110253e+08
1.934034998685319424e+08
1.935968986854796410e+08
1.937224549382029474e+08
1.937904283223366737e+08
1.937858208234080076e+08
1.936767885886150897e+08
1.934975640176360607e+08
1.933420992765537500e+08
1.932936647192586064e+08
1.933745897449840307e+08
1.935382135185394287e+08
1.937131891549547911e+08
1.938230386042367220e+08
1.938540305726385713e+08
1.938206451256082356e+08
1.937174984963213503e+08
1.935518241502598524e+08
1.933758231269441247e+08
1.932595460400160551e+08
1.932737046304375827e+08
1.934276657545249164e+08
1.936519995209876299e+08
1.938317297400137186e+08
1.938723926102582812e+08
1.937690829482902288e+08
1.935810186229157150e+08
1.933677157277213037e+08
1.931681945454216897e+08
1.930212649245844483e+08
1.930136588372609615e+08
1.931683281340022087e+08
1.934776101427519917e+08
1.938712912076950669e+08
1.942048940294984579e+08
1.943235769089511931e+08
1.941894302058138847e+08
1.938911071200502813e+08
1.935435430957130790e+08
1.932142224707949162e+08
1.929709582542306781e+08
1.928902553918190300e+08
1.930095690260697305e+08
1.933109113693035245e+08
1.937006902852895856e+08
1.940383840983601213e+08
1.941549508186396062e+08
1.939787037488804460e+08
1.935884045852662921e+08
1.931354720465834439e+08
1.927228760847626626e+08
1.924294182209365368e+08
1.923220887270125449e+08
1.924197752162355185e+08
1.927035145904934406e+08
1.931139452093452215e+08
1.935504099535273314e+08
1.938634443371968865e+08
1.939452889873262048e+08
1.938163761896469593e+08
1.935946267485023141e+08
1.933904884473510385e+08
1.932369039792357683e+08
1.931675003745775819e+08
1.932314812541694939e+08
1.934183965294197202e+08
1.936674753008314967e+08
1.939049063191029429e+08
1.940675961186015904e+08
1.940648735580539703e+08
1.938806357809850574e+08
1.935956235752555728e+08
1.933115914412373006e+08
1.930913874306731224e+08
1.929680616283152103e+08
1.929931196886858940e+08
1.931747783820029497e+08
1.934302542798434198e+08
1.936743683744231462e+08
1.938756065418961346e+08
1.939901248478763700e+08
1.939753797634549141e+08
1.938646641198974252e+08
1.937349916207474470e+08
1.936219124141324162e+08
1.935043118815930486e+08
1.934004188378770053e+08
1.933437287160178423e+08
1.933153257459121346e+08
1.932975223988279104e+08
1.933083279337637424e+08
1.933411607332162261e+08
1.933568805671981573e+08
1.933341165936530530e+08
1.933019416155351996e+08
1.933037709879209995e+08
1.933182248419851661e+08
1.932985311129809618e+08
1.932869915632440150e+08
1.933150405281304717e+08
1.933614093903890550e+08
1.933823125190412998e+08
1.934074769773663580e+08
1.934339883776168227e+08
1.934105411046192050e+08
1.933630683774653077e+08
1.933343835338703692e+08
1.933126200830072463e+08
1.932684185110847354e+08
1.931919023367340863e+08
1.931344579552925229e+08
1.931171530964831710e+08
1.931460892428653836e+08
1.932358701879518032e+08
1.933700234616949856e+08
1.935077360666573346e+08
1.935973158910684884e+08
1.936559550230701566e+08
1.936724546917085350e+08
1.935974343573559523e+08
1.934112723455201387e+08
1.931949703237076998e+08
1.930074894219467640e+08
1.928874690443084240e+08
1.928812654162461758e+08
1.930061115765945613e+08
1.932074471665496826e+08
1.934000274774890840e+08
1.935691941938654482e+08
1.937030900750020146e+08
1.937454011082540154e+08
1.936224527357849777e+08
1.933791154825436771e+08
1.931496984998092651e+08
1.930280770843511820e+08
1.930624941835353971e+08
1.932578968676558733e+08
1.935756157337935865e+08
1.938966674294687510e+08
1.941373161357775629e+08
1.942676028274946213e+08
1.942166932307167649e+08
1.939314936921916604e+08
1.934685748386179209e+08
1.929866641393054724e+08
1.926307884543686807e+08
1.924805379559971392e+08
1.925559260640119910e+08
1.928524698372426033e+08
1.932699671063669324e+08
1.936817409451276064e+08
1.940051285146147609e+08
1.941571059631654024e+08
1.940697802053999901e+08
1.937560723605960011e+08
1.933464413487247527e+08
1.929652293614187241e+08
1.926991064124541283e+08
1.926084882638458014e+08
1.927120428958700597e+08
1.929719155972008407e+08
1.932801926137329936e+08
1.935560897869529426e+08
1.937508517123661041e+08
1.937936050834425688e+08
1.936484073364116549e+08
1.933845012355827987e+08
1.931354348371082544e+08
1.929786268578899801e+08
1.929291149702747166e+08
1.930049903929252625e+08
1.931717996792675555e+08
1.933682985875663161e+08
1.935402813980543017e+08
1.936322203110306859e+08
1.935918336673015952e+08
1.933767748011735082e+08
1.930429613368838131e+08
1.927382325803593397e+08
1.925964882657922506e+08
1.926681852268829942e+08
1.929375654786073565e+08
1.933063145616455674e+08
1.936691958595647812e+08
1.939674333296893835e+08
1.941406705142998695e+08
1.941476874291964769e+08
1.939361114532148838e+08
1.935479868480434418e+08
1.931171718695961833e+08
1.927854896747460961e+08
1.926468073848426938e+08
1.927004794947224259e+08
1.928772586126247048e+08
1.930807450508374572e+08
1.932438136093283892e+08
1.933391137613966167e+08
1.933594927115812898e+08
1.933063862352502942e+08
1.932111915414587855e+08
1.931597588215925097e+08
1.932253278789828420e+08
1.934265993892225325e+08
1.937152109737897515e+08
1.939927138159676194e+08
1.941341778172449470e+08
1.940756197073808312e+08
1.938464130711672306e+08
1.935261168373695016e+08
1.931557914160315394e+08
1.928158279094980359e+08
1.926054708532545865e+08
1.926061294079532921e+08
1.928183467519734204e+08
1.932164229460144639e+08
1.937046407179482281e+08
1.941001118750608563e+08
1.942343689900383949e+08
1.940669702023221254e+08
1.937014132388455272e+08
1.932571914117445648e+08
1.928232243100626171e+08
1.925153244709114432e+08
1.924194058923574686e+08
1.925597069632221162e+08
1.929082824090022147e+08
1.933540714880915284e+08
1.937233435794015229e+08
1.938837897206745744e+08
1.937904473669562638e+08
1.935043470188394189e+08
1.931240347692978084e+08
1.927344582826706171e+08
1.924341319581007957e+08
1.923399989507744312e+08
1.924814202853722274e+08
1.928143655693070292e+08
1.932655667139505744e+08
1.937006237140482962e+08
1.939508664060184062e+08
1.939294503183354735e+08
1.936884750021571517e+08
1.933286761478805840e+08
1.929511350688467920e+08
1.926649661974408627e+08
1.925566028362172842e+08
1.926677391435778141e+08
1.929566808360393047e+08
1.933554140768693686e+08
1.937539920243625045e+08
1.940357714915799499e+08
1.941004894096958637e+08
1.939590794615035355e+08
1.936750526381007433e+08
1.933131490315904021e+08
1.929564016654989123e+08
1.927185305664908290e+08
1.927004034490421414e+08
1.928975049856077433e+08
1.932185217798189819e+08
1.935731783876273632e+08
1.938635695797190070e+08
1.940056007196742892e+08
1.939687904823855758e+08
1.938081764739892185e+08
1.935702744372323155e+08
1.932894789834269285e+08
1.930023038576904535e+08
1.927877377020592391e+08
1.926862222252836227e+08
1.927115112325485051e+08
1.928509461024824977e+08
1.930420297264041305e+08
1.931942728218656778e+08
1.932667193182619512e+08
1.932630333296910524e+08
1.932168213681314588e+08
1.931600856101791561e+08
1.931057681954641938e+08
1.930824212787162066e+08
1.931210035598162413e+08
1.932152729503600001e+08
1.933509825025154650e+08
1.935118165879831612e+08
1.936478841697130799e+08
1.936837549061394930e+08
1.936011182005105615e+08
1.934172306532253325e+08
1.931846114039804041e+08
1.929556604639165998e+08
1.927880524457978308e+08
1.927040977332327962e+08
1.926905814011577964e+08
1.927423660862094164e+08
1.928665059037509561e+08
1.930810176206126511e+08
1.933346257994365394e+08
1.935619693616783917e+08
1.937082305747987926e+08
1.937569246923824549e+08
1.936824030329082012e+08
1.934740312614855170e+08
1.932261990393330455e+08
1.930138037637607455e+08
1.928473678804848194e+08
1.927396310079613924e+08
1.927205047391758263e+08
1.928123677042916417e+08
1.929317291111357808e+08
1.930197866467761397e+08
1.930526973442111015e+08
1.930372439080175161e+08
1.929703752539839149e+08
1.928847703882567286e+08
1.928247563147488832e+08
1.928280892683440447e+08
1.929295197847202122e+08
1.931283917258690596e+08
1.934319499051973224e+08
1.937669549701441228e+08
1.940445776441358328e+08
1.942232601598767042e+08
1.942294903537617922e+08
1.940198003833031654e+08
1.936061750593006015e+08
1.931116540393500328e+08
1.926989797345052361e+08
1.924642047275274396e+08
1.924442952488409877e+08
1.926432482242040336e+08
1.930157083660394549e+08
1.934533852141504288e+08
1.938244741842288673e+08
1.940496267656142116e+08
1.940640529675642848e+08
1.938020880928269327e+08
1.933077572843418717e+08
1.927527002487180829e+08
1.922954693688028753e+08
1.920390220147304535e+08
1.920296440484179258e+08
1.922745132047057152e+08
1.927019774931403697e+08
1.931932591454019248e+08
1.936345824070454538e+08
1.939113987206426263e+08
1.939513574960895777e+08
1.937264843988809586e+08
1.933471222257621288e+08
1.929760906354446113e+08
1.927246733231639564e+08
1.926514298030499816e+08
1.927475303105145395e+08
1.929676816021307707e+08
1.932325861252837777e+08
1.934567353269388080e+08
1.935718542383910716e+08
1.935115003054842949e+08
1.932573514337822795e+08
1.928768936250539422e+08
1.925309073429908156e+08
1.923418569258169532e+08
1.923697634820089340e+08
1.926312514777307808e+08
1.930549563873925805e+08
1.935021231159229577e+08
1.938532327707376480e+08
1.940189529816848040e+08
1.939454473488192558e+08
1.936282164321160913e+08
1.931555063240708709e+08
1.926717315262638330e+08
1.923209151971929669e+08
1.921907604921931028e+08
1.922851872904444933e+08
1.925730232118234336e+08
1.929640109589847028e+08
1.933520230636430979e+08
1.936395365505110025e+08
1.937799871889504790e+08
1.937492435170775652e+08
1.935740123311291039e+08
1.933499042187796831e+08
1.931793380944356918e+08
1.931320498919706941e+08
1.932077409139277637e+08
1.933631327122471929e+08
1.934863350797067285e+08
1.934967972879081368e+08
1.933789239381651282e+08
1.931375085875281096e+08
1.928072281797018945e+08
1.924723808997837305e+08
1.922554127370294333e+08
1.922546758731300235e+08
1.925076196621304154e+08
1.929624994635971785e+08
1.935165530703617930e+08
1.940109237846820652e+08
1.943233439920716882e+08
1.944043012761319876e+08
1.942508254288567305e+08
1.938915295381517708e+08
1.933980666883076131e+08
1.928953196531009078e+08
1.925167111166467071e+08
1.923197050918959379e+08
1.923084528970355093e+08
1.924534207987967730e+08
1.926530219927209914e+08
1.928241903421646357e+08
1.929400793051393032e+08
1.930142372652592659e+08
1.930416127816565335e+08
1.930101122474611402e+08
1.929566875882180333e+08
1.929280812734968662e+08
1.929502942235214710e+08
1.930253304161256850e+08
1.931305970605782270e+08
1.932018079344863594e+08
1.931638676576973200e+08
1.930045498852909803e+08
1.927706578506102562e+08
1.925341554242575467e+08
1.923609644854922593e+08
1.923010963076202273e+08
1.924005593266115785e+08
1.926706514929059148e+08
1.930694224716199934e+08
1.935292643200561106e+08
1.939426254394420385e+08
1.942076657035973072e+08
1.942613371069918871e+08
1.941333286167172194e+08
1.938897474602388740e+08
1.935842217396914363e+08
1.932731329260061085e+08
1.930299653503448963e+08
1.928844326977017820e+08
1.928187729727952480e+08
1.928207736841101646e+08
1.928931939143088758e+08
1.929766781196983457e+08
1.930020705028700829e+08
1.929601956937000155e+08
1.928835462259122133e+08
1.928042386033103466e+08
1.927403142433234453e+08
1.927297628719905615e+08
1.928061554974475503e+08
1.929583487562626004e+08
1.931390333427082300e+08
1.932784769165722132e+08
1.933470021658211946e+08
1.933470962904330790e+08
1.932823897750006318e+08
1.931961737732707858e+08
1.931212540939359665e+08
1.930623449994013906e+08
1.930362761501936316e+08
1.930683590362451971e+08
1.931633166173763871e+08
1.932781429817946553e+08
1.933607532843852043e+08
1.933831834483253062e+08
1.933354774457820654e+08
1.932086721712740958e+08
1.930333985480361581e+08
1.928435827029576004e+08
1.926728072612680495e+08
1.925569057337732911e+08
1.925146139710107446e+08
1.925370344751894176e+08
1.926121476981321871e+08
1.927160738834003806e+08
1.928191993587470651e+08
1.929308790377131999e+08
1.930200271135374308e+08
1.930529845019859076e+08
1.930425523265713453e+08
1.930146232032010555e+08
1.929666619834031463e+08
1.929027523070071936e+08
1.928558842761455178e+08
1.928273605834203660e+08
1.928281824356269836e+08
1.928673910311433077e+08
1.929448586718153358e+08
1.930563390571424961e+08
1.931676133799090683e+08
1.932550601297570467e+08
1.933033777113851309e+08
1.932989887971440256e+08
1.932155857633416057e+08
1.930787425199946165e+08
1.929481103841403425e+08
1.928755200414119661e+08
1.928838969784252942e+08
1.929906556651976109e+08
1.931943024716744423e+08
1.934275614100131989e+08
1.936203132946542501e+08
1.937230237166112959e+08
1.937098634739365280e+08
1.935466786619413793e+08
1.932439683125192523e+08
1.928861650003165305e+08
1.925500042649010420e+08
1.923191989995756745e+08
1.922648958646470904e+08
1.924260606371164322e+08
1.927340147060872912e+08
1.930912053349269032e+08
1.934050384784825146e+08
1.936054244714459777e+08
1.936174691438718438e+08
1.934166564046413898e+08
1.930697405492069125e+08
1.926948517533117831e+08
1.924075593771571815e+08
1.922771352448461354e+08
1.923518227318952084e+08
1.926093739567282796e+08
1.929539611700237989e+08
1.932870910824133158e+08
1.935242302254161239e+08
1.935799863313033581e+08
1.934093170795944333e+08
