1.069024805793759537e+10
1.069024805793759537e+10
1.070775606284035873e+10
1.074300285541008186e+10
1.079555793920906258e+10
1.086541399602395630e+10
1.095172947283287048e+10
1.105383265228925514e+10
1.117026584140536499e+10
1.129936160494158745e+10
1.143873333573441887e+10
1.158582995966525841e+10
1.173861656230201530e+10
1.189507996973862839e+10
1.205317218331533432e+10
1.221046359509381104e+10
1.236390491709581184e+10
1.250930460421706772e+10
1.264089493847186089e+10
1.274902208796986389e+10
1.281242588716239166e+10
1.280264342282637787e+10
1.272986760074522591e+10
1.262237578738225937e+10
1.249664465561666107e+10
1.236124108045002556e+10
1.222083847650219917e+10
1.207821471221302414e+10
1.193501299014808083e+10
1.179183047483749962e+10
1.164953740678180885e+10
1.151549944081150818e+10
1.154397758141137314e+10
1.153664962184238434e+10
1.151584210710667992e+10
1.150593787394554901e+10
1.150376187811385345e+10
1.151004840478775024e+10
1.152411822105905342e+10
1.154773586847259331e+10
1.158143191036853790e+10
1.162287917866035843e+10
1.167359909751691246e+10
1.173350887971851730e+10
1.180068052488490868e+10
1.187455897355100250e+10
1.195460489993315506e+10
1.203929099461818695e+10
1.212678623659741974e+10
1.221494924587257385e+10
1.230110586677145386e+10
1.238148132346348953e+10
1.244825165117796707e+10
1.248800763918028641e+10
1.249198366894837189e+10
1.246584065933950806e+10
1.242110929699981308e+10
1.236606061639290237e+10
1.230518510923078156e+10
1.224120228713874435e+10
1.217614506361317062e+10
1.211187043772476578e+10
1.205017731373486710e+10
1.199257059512631226e+10
1.194035783330038834e+10
1.189573461524045563e+10
1.186521754808954239e+10
1.185589766961359215e+10
1.188055053395695305e+10
1.190134499273591995e+10
1.192310918704991150e+10
1.195072778093372726e+10
1.198349476891212273e+10
1.202070544827256393e+10
1.205822077902908897e+10
1.209733903037877846e+10
1.213646659608745003e+10
1.217360898736672211e+10
1.220450689887254333e+10
1.222563211052221870e+10
1.223386375177637482e+10
1.223182705794725418e+10
1.222149328390509987e+10
1.220593002197226143e+10
1.218643140525309372e+10
1.216376327289867973e+10
1.213934646143750954e+10
1.211446196932237244e+10
1.209029000977395630e+10
1.206811392075365639e+10
1.204861915643749619e+10
1.203221866733174896e+10
1.201919954848415375e+10
1.200970333675675583e+10
1.200704159258283234e+10
1.200973936833144760e+10
1.201373577115340424e+10
1.201916446981578445e+10
1.202550126106595993e+10
1.202927988449524307e+10
1.202831764892968369e+10
1.202383979385869217e+10
1.201571454661664200e+10
1.200598361240602493e+10
1.199571071202218819e+10
1.198552489703694725e+10
1.197593708169273376e+10
1.196730265494505692e+10
1.196029557887545776e+10
1.195502123150760651e+10
1.195170059125388718e+10
1.195019549712951851e+10
1.195040486995446587e+10
1.195197910429252052e+10
1.195418473834043503e+10
1.195655794624205780e+10
1.195824312194327354e+10
1.195891153375187683e+10
1.195891019419748497e+10
1.195857938778231049e+10
1.195837755404108429e+10
1.195872214953003693e+10
1.196009783345950508e+10
1.196283621781220627e+10
1.196697326310873413e+10
1.197236155582322502e+10
1.197867724485544014e+10
1.198534952813486099e+10
1.199177098337307549e+10
1.199739024332192802e+10
1.200157555920213127e+10
1.200406599282453728e+10
1.200469368489742661e+10
1.200383000318032074e+10
1.200188282902048874e+10
1.199940846649339676e+10
1.199699108148413849e+10
1.199482326269587326e+10
1.199307993912668991e+10
1.199173730106003189e+10
1.199055955963211823e+10
1.198927870376898956e+10
1.198759047263843918e+10
1.198505518412360191e+10
1.198156850899411201e+10
1.197709417540429115e+10
1.197204912278137207e+10
1.196658261483086586e+10
1.196088956052288246e+10
1.195522786737142944e+10
1.194971616656880951e+10
1.194458804349277115e+10
1.193999004820730782e+10
1.193618497428778458e+10
1.193326758286999130e+10
1.193139821558131027e+10
1.193075674166007423e+10
1.193143625580913544e+10
1.193344625010473442e+10
1.193661796927117920e+10
1.194080295065929222e+10
1.194562351671574783e+10
1.195067413005298996e+10
1.195543285440004730e+10
1.195944836356817627e+10
1.196222598575315094e+10
1.196353924418059158e+10
1.196347779716523743e+10
1.196230369744650650e+10
1.196052427457014656e+10
1.195853584613589096e+10
1.195668092802844620e+10
1.195513506214608765e+10
1.195394286754290390e+10
1.195298117870533752e+10
1.195195170391611481e+10
1.195063312908149147e+10
1.194865257610162735e+10
1.194595050522723389e+10
1.194261304817482567e+10
1.193872108371536255e+10
1.193450740634812927e+10
1.193028846595141983e+10
1.192630158497737503e+10
1.192284254993483162e+10
1.192013946071169281e+10
1.191822861720117760e+10
1.191712718158799744e+10
1.191689275118035507e+10
1.191756963068752098e+10
1.191915253742754364e+10
1.192152952022055244e+10
1.192450641844740677e+10
1.192771297393258667e+10
1.193079518197125626e+10
1.193329205788523865e+10
1.193492205680469131e+10
1.193557236568352890e+10
1.193523649502515411e+10
1.193410597139279366e+10
1.193264788678020668e+10
1.193126622164339256e+10
1.193050391670297050e+10
1.193070918622702026e+10
1.193198883215348053e+10
1.193427644295164680e+10
1.193731806224434662e+10
1.194079232857147026e+10
1.194431413732386780e+10
1.194742847824020386e+10
1.194958361127177429e+10
1.195038147716121292e+10
1.194948757216719055e+10
1.194667697668271637e+10
1.194198198413772583e+10
1.193565641535364723e+10
1.192830875805418777e+10
1.192054231112332916e+10
1.191304667774025345e+10
1.190641855777843857e+10
1.190117592096576881e+10
1.189755699525227737e+10
1.189581904698317337e+10
1.189600319482101250e+10
1.189803470373681259e+10
1.190162225069141006e+10
1.190624637022987175e+10
1.191134538949271965e+10
1.191625822841283417e+10
1.192043324668113327e+10
1.192348822339047813e+10
1.192530176746661186e+10
1.192586491991191673e+10
1.192533288534419632e+10
1.192425423353255081e+10
1.192305577931338692e+10
1.192208966084679604e+10
1.192163397262339592e+10
1.192170023975017929e+10
1.192219024368681335e+10
1.192284956285910416e+10
1.192334237459863281e+10
1.192342516943176651e+10
1.192282343419608879e+10
1.192132455872270966e+10
1.191880688881890297e+10
1.191545505099569321e+10
1.191154357143940735e+10
1.190738814289628983e+10
1.190332446411753845e+10
1.189958359215159798e+10
1.189635363700794983e+10
1.189373330016413307e+10
1.189182909924723434e+10
1.189072436017957115e+10
1.189041944246422577e+10
1.189085875338528633e+10
1.189187164386846352e+10
1.189332423605962372e+10
1.189502656546957970e+10
1.189688494652094650e+10
1.189870601743257523e+10
1.190033085295342636e+10
1.190155749592351532e+10
1.190226435805538940e+10
1.190240159260938454e+10
1.190209035156177139e+10
1.190147449577832413e+10
1.190078826568251038e+10
1.190023678869183731e+10
1.190003240917238235e+10
1.190033785701144600e+10
1.190125806312051010e+10
1.190273494017219353e+10
1.190456245029471207e+10
1.190641386601464462e+10
1.190791853094410133e+10
1.190867822195177460e+10
1.190844633216594887e+10
1.190715700783245468e+10
1.190485870668616104e+10
1.190184652600039673e+10
1.189838727179347229e+10
1.189489313025529861e+10
1.189157175045708656e+10
1.188871531245223427e+10
1.188639233453982925e+10
1.188462642833505249e+10
1.188340510843060303e+10
1.188267268279642105e+10
1.188241691026218987e+10
1.188263357497437477e+10
1.188328915452386475e+10
1.188436750487532616e+10
1.188577095826039505e+10
1.188742138703731537e+10
1.188911433164116287e+10
1.189066995919474983e+10
1.189196328381284142e+10
1.189281273439229584e+10
1.189300173554452324e+10
1.189254117553744316e+10
1.189152400659519196e+10
1.189024460370467758e+10
1.188899304623279953e+10
1.188805208036032486e+10
1.188766515650139046e+10
1.188785255774158478e+10
1.188847928187425232e+10
1.188933782846499062e+10
1.189015663548789024e+10
1.189053766867629242e+10
1.189015960328825760e+10
1.188885538467989731e+10
1.188681319734830093e+10
1.188432946937865257e+10
1.188176547793878365e+10
1.187959087190134811e+10
1.187801652301134872e+10
1.187723249786601067e+10
1.187717084780508423e+10
1.187783951246303940e+10
1.187907662609045601e+10
1.188061613000866508e+10
1.188210618477728653e+10
1.188326760574546242e+10
1.188399789905443192e+10
1.188428485973300362e+10
1.188435212182427979e+10
1.188439104321732521e+10
1.188455772367486000e+10
1.188487950954376602e+10
1.188530904298633385e+10
1.188567317114603996e+10
1.188585314420435333e+10
1.188570943049314117e+10
1.188502892355737305e+10
1.188383125447035027e+10
1.188224603659824753e+10
1.188041860211253738e+10
1.187862174201428032e+10
1.187708091478941536e+10
1.187591791133093834e+10
1.187515289902791214e+10
1.187479363264481926e+10
1.187473808206280708e+10
1.187487337276501083e+10
1.187500103152855492e+10
1.187495506353148651e+10
1.187466364022439957e+10
1.187407845298956299e+10
1.187332171619849586e+10
1.187261030661708832e+10
1.187202920398066330e+10
1.187168774425836754e+10
1.187158183089992905e+10
1.187168310166530609e+10
1.187190285147372055e+10
1.187210482048729515e+10
1.187217639814343643e+10
1.187203975228722763e+10
1.187166048089487839e+10
1.187113687789553070e+10
1.187057751420459366e+10
1.187017336786078262e+10
1.186999027160379219e+10
1.187001497605040741e+10
1.187025242416481400e+10
1.187062989278786278e+10
1.187101757912479591e+10
1.187126587434901810e+10
1.187122657077333260e+10
1.187081069124316597e+10
1.187004420062338638e+10
1.186913512023210907e+10
1.186831904777404022e+10
1.186783543292028618e+10
1.186771325782082367e+10
1.186800620933781815e+10
1.186858491021563339e+10
1.186929880048207283e+10
1.186999125876687241e+10
1.187041855256909561e+10
1.187036058281310654e+10
1.186972962412677574e+10
1.186857576254327965e+10
1.186709816221570206e+10
1.186558964042511368e+10
1.186424335598761559e+10
1.186324560995384789e+10
1.186269862671684074e+10
1.186263290844904137e+10
1.186301539482736015e+10
1.186372300485572243e+10
1.186455487192584229e+10
1.186533097932056046e+10
1.186585202443565559e+10
1.186608174161034775e+10
1.186609673824251366e+10
1.186602493923081589e+10
1.186592553080788422e+10
1.186578412292473412e+10
1.186560389584165573e+10
1.186527252364123917e+10
1.186479588398568153e+10
1.186410597685373497e+10
1.186322575749816895e+10
1.186214574861184692e+10
1.186091433498946762e+10
1.185969054368708801e+10
1.185865216039427376e+10
1.185795909666366196e+10
1.185767658571135330e+10
1.185783737914145660e+10
1.185836128849556351e+10
1.185917689766891289e+10
1.186010288280700493e+10
1.186097328668828201e+10
1.186159348797205544e+10
1.186179429233451653e+10
1.186158922694932175e+10
1.186100847108292770e+10
1.186025470264544868e+10
1.185945938549881554e+10
1.185881030054856491e+10
1.185835608041056824e+10
1.185807202550035095e+10
1.185799464655126381e+10
1.185806955249112892e+10
1.185814529703285027e+10
1.185817988843818855e+10
1.185809617868017387e+10
1.185784657013262749e+10
1.185739958847578430e+10
1.185684783389031982e+10
1.185626823306193542e+10
1.185573258997875977e+10
1.185532042454354095e+10
1.185510620879984665e+10
1.185510503881615448e+10
1.185530938613572502e+10
1.185569585762460327e+10
1.185618563135846138e+10
1.185671794893908882e+10
1.185719814185721588e+10
1.185760805225983429e+10
1.185785745276679611e+10
1.185791438702645683e+10
1.185770362358515930e+10
1.185727147526960945e+10
1.185664080476473618e+10
1.185583278665801620e+10
1.185486138791630363e+10
1.185378549548838997e+10
1.185264036276384354e+10
1.185157674099647713e+10
1.185067765493256378e+10
1.185004732852685165e+10
1.184965864898708534e+10
1.184951911359608650e+10
1.184964902945589447e+10
1.184999554192401886e+10
1.185060085536088181e+10
1.185138906347748184e+10
1.185222431322083282e+10
1.185297401076097488e+10
1.185355585323219681e+10
1.185393077370974922e+10
1.185407243138612556e+10
1.185401898197508621e+10
1.185373262054516602e+10
1.185326230345880699e+10
1.185265662350051689e+10
1.185193805131356049e+10
1.185119723318962288e+10
1.185046033214076042e+10
1.184975346188305092e+10
1.184914369662270737e+10
1.184865362352330780e+10
1.184837681622286606e+10
1.184829355840014267e+10
1.184837906940376472e+10
1.184853234204296684e+10
1.184874620116771126e+10
1.184893183458299637e+10
1.184910136122943497e+10
1.184920376538030434e+10
1.184918512566913223e+10
1.184906048152558517e+10
1.184885564443908691e+10
1.184865808138398743e+10
1.184850385159865570e+10
1.184846921357157898e+10
1.184851723375612640e+10
1.184868156495422745e+10
1.184888214194434929e+10
1.184904111724363136e+10
1.184907002064719582e+10
1.184889212291451645e+10
1.184845411321105766e+10
1.184789048016223526e+10
1.184727236411656761e+10
1.184677422024719238e+10
1.184646184373325348e+10
1.184639732592184067e+10
1.184659479822203445e+10
1.184699091532686615e+10
1.184750510484467316e+10
1.184805976346446609e+10
1.184848792978207016e+10
1.184869765114393616e+10
1.184869020797572327e+10
1.184846457591056633e+10
1.184811842217312622e+10
1.184779022487330627e+10
1.184761241396234512e+10
1.184759793510434723e+10
1.184782693142932892e+10
1.184821394951242447e+10
1.184865553134063339e+10
1.184899471088426971e+10
1.184904506193608856e+10
1.184874295794934082e+10
1.184808620053660011e+10
1.184717567638127518e+10
1.184623386517694092e+10
1.184542720362857056e+10
1.184489918764782333e+10
1.184473923537575912e+10
1.184495691126983643e+10
1.184544937158589745e+10
1.184611106633884239e+10
1.184676371155063629e+10
1.184724740319155502e+10
1.184744659636492157e+10
1.184733412594105721e+10
1.184692921730474472e+10
1.184638797028120613e+10
1.184585181569621277e+10
1.184541861236824989e+10
1.184519748411471939e+10
1.184519679170483208e+10
1.184533037458136749e+10
1.184551356947380447e+10
1.184558814887165451e+10
1.184547779103686714e+10
1.184512766878495026e+10
1.184457211090332031e+10
1.184394481416598892e+10
1.184339861117901802e+10
1.184305955403548622e+10
1.184297662536529922e+10
1.184313798948866463e+10
1.184350922890309334e+10
1.184395617533937836e+10
1.184436698353410721e+10
1.184458096476846886e+10
1.184457854282828712e+10
1.184428628973844910e+10
1.184382952714988327e+10
1.184331794060615349e+10
1.184292441323979378e+10
1.184275788947059059e+10
1.184285099128519440e+10
1.184316497061998558e+10
1.184359348775007248e+10
1.184401526065310287e+10
1.184432515450098801e+10
1.184439835185292816e+10
1.184416834675767517e+10
1.184370856387894440e+10
1.184310106558088684e+10
1.184249600356736374e+10
1.184199548636142731e+10
1.184167188627120018e+10
1.184154616360553169e+10
1.184155933242686081e+10
1.184167838785212517e+10
1.184180885558712006e+10
1.184192908097440338e+10
1.184200836880517578e+10
1.184199066534044266e+10
1.184196483256984711e+10
1.184197436813737106e+10
1.184206871840628052e+10
1.184225310454209518e+10
1.184254414321881866e+10
1.184284324372550011e+10
1.184303234279238892e+10
1.184307332646237373e+10
1.184288525755100250e+10
1.184248541483035469e+10
1.184192004639185715e+10
1.184128500736709595e+10
1.184072949578767204e+10
1.184035909819401550e+10
1.184025950522445869e+10
1.184046213000218201e+10
1.184094302703598404e+10
1.184162555367836761e+10
1.184245178452051353e+10
1.184330360792360687e+10
1.184409950941895103e+10
1.184476478150562286e+10
1.184522312051340485e+10
1.184552263060319519e+10
1.184559075853297424e+10
1.184550742985264206e+10
1.184528094760128021e+10
1.184496325448109818e+10
1.184458681460638618e+10
1.184414229343150711e+10
1.184368264948599625e+10
1.184327767840315056e+10
1.184289641583633614e+10
1.184259835386470222e+10
1.184238890289942169e+10
1.184226830353009605e+10
1.184228179139851952e+10
1.184236244205368233e+10
1.184249378462622452e+10
1.184260582782452965e+10
1.184265742117815399e+10
1.184265526688145065e+10
1.184261640182692146e+10
1.184256504544934082e+10
1.184250980153544235e+10
1.184247893367222977e+10
1.184249028604763031e+10
1.184254892137627029e+10
1.184266030536314011e+10
1.184286582106891251e+10
1.184313838606277847e+10
1.184350174490291595e+10
1.184389339047772789e+10
1.184430578171288681e+10
1.184467758513722229e+10
1.184493957585690498e+10
1.184510662748189354e+10
1.184512983986672211e+10
1.184498981622651100e+10
1.184471069421014595e+10
1.184431442730995560e+10
1.184388557992170334e+10
1.184343150088517952e+10
1.184306704113236237e+10
1.184281810239576721e+10
1.184272595128013992e+10
1.184281459636874771e+10
1.184306600221353531e+10
1.184340743048392487e+10
1.184376636687992096e+10
1.184402664626630402e+10
1.184412720337574005e+10
1.184407089519207191e+10
1.184387327302476883e+10
1.184354349884752655e+10
1.184312248198515892e+10
1.184267474901606369e+10
1.184222613018411636e+10
1.184180998108520508e+10
1.184150331574779701e+10
1.184126627726613617e+10
1.184117260519733620e+10
1.184115939728248215e+10
1.184126111034624481e+10
1.184149017789777756e+10
1.184182099257730103e+10
1.184224293937718010e+10
1.184269968923257065e+10
1.184317816068907928e+10
1.184367461973272705e+10
1.184410723940900421e+10
1.184442221804332161e+10
1.184459673753822517e+10
1.184460680993838120e+10
1.184445093091434097e+10
1.184418269887097549e+10
1.184392770841982841e+10
1.184371384573924255e+10
1.184361404119364548e+10
1.184362978206768227e+10
1.184377722677601433e+10
1.184395593941824722e+10
1.184417633666711998e+10
1.184435985465510941e+10
1.184447580640064240e+10
1.184451612145182037e+10
1.184450171461128235e+10
1.184438028319592476e+10
1.184427082376805305e+10
1.184412905851450920e+10
1.184397582216675568e+10
1.184383604155253220e+10
1.184371558016747665e+10
1.184358685693109512e+10
1.184347470706552887e+10
1.184337466420442200e+10
1.184331237952684402e+10
1.184326605456107712e+10
1.184331157061950493e+10
1.184345031545290756e+10
1.184368172253223228e+10
1.184399574547750854e+10
1.184431154180984116e+10
1.184457828122559547e+10
1.184472127160175705e+10
1.184474539894080353e+10
1.184460312847916031e+10
1.184434600675091171e+10
1.184405414782449341e+10
1.184377873041290283e+10
1.184354828287146378e+10
1.184340973452968788e+10
1.184334505918657684e+10
1.184336631817827988e+10
1.184347196002519608e+10
1.184363776644992065e+10
1.184383227836141205e+10
1.184402013921162415e+10
1.184423024118535042e+10
1.184439788247099686e+10
1.184455409563085556e+10
1.184465810679364395e+10
1.184473125662449646e+10
1.184472072951234055e+10
1.184466428812277985e+10
1.184455447166125107e+10
1.184437623256128311e+10
1.184415537398342323e+10
1.184388238516096687e+10
1.184364483699951553e+10
1.184348219644389725e+10
1.184341912615344810e+10
1.184346563697797012e+10
1.184361232561091995e+10
1.184383676640694809e+10
1.184407507185300064e+10
1.184430545508547020e+10
1.184454045848664474e+10
1.184473179033112717e+10
1.184485551280835724e+10
1.184494940182457924e+10
1.184500043253391457e+10
1.184502221956558609e+10
1.184501337564912605e+10
1.184497775025180435e+10
1.184491058044778442e+10
1.184482839273986626e+10
1.184474361187424660e+10
1.184465263289848709e+10
1.184461913417800140e+10
1.184464538470396042e+10
1.184476566790124702e+10
1.184501499416896057e+10
1.184535218645553398e+10
1.184576612039915085e+10
1.184619145477193069e+10
1.184653803895283318e+10
1.184675910236756706e+10
1.184681455960875511e+10
1.184675453646142387e+10
1.184656606176495552e+10
1.184636931097982597e+10
1.184618029562330055e+10
1.184605310041030884e+10
1.184598034585472488e+10
1.184596921904215050e+10
1.184600557436759758e+10
1.184603582207321548e+10
1.184605741107122231e+10
1.184602837944931793e+10
1.184593722558706093e+10
1.184583800026299477e+10
1.184570967879717636e+10
1.184560393441946602e+10
1.184555873713964462e+10
1.184553990139717674e+10
1.184556323687819481e+10
1.184562068012695694e+10
1.184564466224575806e+10
1.184562421573461533e+10
1.184554488704820824e+10
1.184544353079995346e+10
1.184535591174655533e+10
1.184532725571051979e+10
1.184545233496706009e+10
1.184573631620997810e+10
1.184613768710146141e+10
1.184659652704425812e+10
1.184706384265982819e+10
1.184746966837737465e+10
1.184772968678319740e+10
1.184786521409976959e+10
1.184788048774913788e+10
1.184776755377511024e+10
1.184760705400379753e+10
1.184742836574573898e+10
1.184730821668896866e+10
1.184721022665374756e+10
1.184720508526017380e+10
1.184727778720145035e+10
1.184738474539107895e+10
1.184746629320399857e+10
1.184755164593336487e+10
1.184761010388726044e+10
1.184765652646664047e+10
1.184775452128887939e+10
1.184785120653060150e+10
1.184798714082759476e+10
1.184815263867170906e+10
1.184829171895314026e+10
1.184834453810005951e+10
1.184829370540215683e+10
1.184812191444691658e+10
1.184785738043511963e+10
1.184756562642437172e+10
1.184729993875828743e+10
1.184714115017623520e+10
1.184711915908169746e+10
1.184726155558760071e+10
1.184754609541915703e+10
1.184791437560402870e+10
1.184833411932360458e+10
1.184869530219292450e+10
1.184895013924412155e+10
1.184904839418951416e+10
1.184900762319684219e+10
1.184885885675360107e+10
1.184865187008482742e+10
1.184844271046464920e+10
1.184827606635360336e+10
1.184822266852767754e+10
1.184827749579229927e+10
1.184838179576289368e+10
1.184849289974028587e+10
1.184856297540541267e+10
1.184860627529473114e+10
1.184860377453647614e+10
1.184862275686382866e+10
1.184865809043323517e+10
1.184876221376084518e+10
1.184893195141655540e+10
1.184914477598056602e+10
1.184940654746258545e+10
1.184962957302044487e+10
1.184982206124081421e+10
1.184987913964120483e+10
1.184979492665209198e+10
1.184960230758825684e+10
1.184931270244470787e+10
1.184899509987549400e+10
1.184870497582618713e+10
1.184850632410911369e+10
1.184842939855990791e+10
1.184849750742068291e+10
1.184867881450355148e+10
1.184889330726702118e+10
1.184914458573811150e+10
1.184934293704153061e+10
1.184947461649140167e+10
1.184951047164536858e+10
1.184949225810697365e+10
1.184941231659602356e+10
1.184931019990923691e+10
1.184922156653486252e+10
1.184917145677239037e+10
1.184914660448729134e+10
1.184918825424771118e+10
1.184926125787193298e+10
1.184939890326907349e+10
1.184958614578542328e+10
1.184978077977809143e+10
1.184996417017092133e+10
1.185014904646343231e+10
1.185029431010992813e+10
1.185042171525611496e+10
1.185054694665299606e+10
1.185067469725325203e+10
1.185080062670117569e+10
1.185091764644472504e+10
1.185102506695081711e+10
1.185107809366618729e+10
1.185109065365583038e+10
1.185101243049890137e+10
1.185090174679459381e+10
1.185073166674388313e+10
1.185052685948344231e+10
1.185030719002178574e+10
1.185015679241625786e+10
1.185004201284500885e+10
1.185002618993709373e+10
1.185008621956075859e+10
1.185019940308992958e+10
1.185035315950252151e+10
1.185047601172685242e+10
1.185050657422673416e+10
1.185045448952294350e+10
1.185027426315602303e+10
1.185002662236890030e+10
1.184974042751471138e+10
1.184953724821220398e+10
1.184944785120315742e+10
1.184949394108650208e+10
1.184967546967049789e+10
1.184995880990008163e+10
1.185031833521953011e+10
1.185067517148841858e+10
1.185098502043331909e+10
1.185122586532164574e+10
1.185135048971331024e+10
1.185142773091331482e+10
1.185146507314881897e+10
1.185151830636541939e+10
1.185163712758576965e+10
1.185180960017040253e+10
1.185203016229853630e+10
1.185226327671681023e+10
1.185244273997770309e+10
1.185254321396232224e+10
1.185251367905118179e+10
1.185239453604739189e+10
1.185220348703605270e+10
1.185201846603252411e+10
1.185192147454108047e+10
1.185196399196667480e+10
1.185215126850631905e+10
1.185243744183596420e+10
1.185278935822260666e+10
1.185310434855841064e+10
1.185330825671236229e+10
1.185336198560649872e+10
1.185328781291599655e+10
1.185307753128346252e+10
1.185283382995774269e+10
1.185259005793177795e+10
1.185248156137779617e+10
1.185246870524712563e+10
1.185258824907522202e+10
1.185275991398332405e+10
1.185297112926862907e+10
1.185311659154052544e+10
1.185316797045955658e+10
1.185305012656221390e+10
1.185283020186277008e+10
1.185251447448312378e+10
1.185222222325124550e+10
1.185201739034103966e+10
1.185194470927216721e+10
1.185202652096970558e+10
1.185218084639027596e+10
1.185240106284798050e+10
1.185259916136729813e+10
1.185272129138942719e+10
1.185273476924527550e+10
1.185263739154488754e+10
1.185248312228411865e+10
1.185230150998139191e+10
1.185217912643577385e+10
1.185213396863635445e+10
1.185216187585173416e+10
1.185229274699997902e+10
1.185245493167351532e+10
1.185261676411763191e+10
1.185272547376535988e+10
1.185280041949532127e+10
1.185278480083961678e+10
1.185271913003519249e+10
1.185266052857808876e+10
1.185260632421471024e+10
1.185265355170170212e+10
1.185277647297324371e+10
1.185298257008647537e+10
1.185321855144750786e+10
1.185342375162400818e+10
1.185361110826667976e+10
1.185373219981083870e+10
1.185381416861248970e+10
1.185387247090485191e+10
1.185390927968641663e+10
1.185396541289199638e+10
1.185404943173201561e+10
1.185416369552308273e+10
1.185430049558794212e+10
1.185440689146222115e+10
1.185449525692399788e+10
1.185453686804042053e+10
1.185454531601233673e+10
1.185450537156887817e+10
1.185448112722060204e+10
1.185446076890676498e+10
1.185446508657663727e+10
1.185449432873776245e+10
1.185458989195001793e+10
1.185465142047619057e+10
1.185472957838924217e+10
1.185471038393399048e+10
1.185465998745876694e+10
1.185455013172934532e+10
1.185446846241742706e+10
1.185440351661567307e+10
1.185439027152618217e+10
1.185447092182736206e+10
1.185460897767795563e+10
1.185476486122942734e+10
1.185490751169644356e+10
1.185498602280914688e+10
1.185497308605117798e+10
1.185484584670331383e+10
1.185467103574571609e+10
1.185449325882594681e+10
1.185434795350968552e+10
1.185426218027791405e+10
1.185423332412977600e+10
1.185430708291420555e+10
1.185440363755243683e+10
1.185449830219340515e+10
1.185454837570129013e+10
1.185448050163460350e+10
1.185432295697909355e+10
1.185408700832248306e+10
1.185383102482571220e+10
1.185362655121192360e+10
1.185353370811929512e+10
1.185354853161784554e+10
1.185371837270179939e+10
1.185398698678979492e+10
1.185428911941887283e+10
1.185458474367036247e+10
1.185482872642687416e+10
1.185498580399250793e+10
1.185504939252053833e+10
1.185507537675680542e+10
1.185509497105642319e+10
1.185513931936781693e+10
1.185522980177746964e+10
1.185537164028398514e+10
1.185552567308378983e+10
1.185567825828965187e+10
1.185582615398627281e+10
1.185592980517370987e+10
1.185593738259793091e+10
1.185589538482410049e+10
1.185578756176437759e+10
1.185568251728616905e+10
1.185559896568920326e+10
1.185558403992921448e+10
1.185564235519752693e+10
1.185576718390228844e+10
1.185590228703936386e+10
1.185603533515964317e+10
1.185614662735463142e+10
1.185620869821918678e+10
1.185620862802196693e+10
1.185614877300512505e+10
1.185606660617497063e+10
1.185595634425069809e+10
1.185587825630634308e+10
1.185580437848704147e+10
1.185573263098754883e+10
1.185570695791227341e+10
1.185569797926095963e+10
1.185571702749002457e+10
1.185576699300392914e+10
1.185581312237650299e+10
1.185586903124612427e+10
1.185588949051941681e+10
1.185591174225624084e+10
1.185592817040869141e+10
1.185594664467801857e+10
1.185602106591276741e+10
1.185608403196330452e+10
1.185613928388440323e+10
1.185620559944332504e+10
1.185627633495056152e+10
1.185634627237528229e+10
1.185639600915716171e+10
1.185643487826466942e+10
1.185645018107210732e+10
1.185646712574127388e+10
1.185649678091872597e+10
1.185651185950592041e+10
1.185655812431943130e+10
1.185662139949894142e+10
1.185670672081040955e+10
1.185679517625195694e+10
1.185691592618651772e+10
1.185700307489803886e+10
1.185707537366965485e+10
1.185708237803015900e+10
1.185701967580436707e+10
1.185692246769921112e+10
1.185679118247068977e+10
1.185665701314699745e+10
1.185657653854748535e+10
1.185655310236224556e+10
1.185654427033742523e+10
1.185663091781818008e+10
1.185674285759860039e+10
1.185684809990643692e+10
1.185694116874178505e+10
1.185699004057091331e+10
1.185698607766339111e+10
1.185696243191738129e+10
1.185692534097416687e+10
1.185692279285623169e+10
1.185695635445582962e+10
1.185703967639429855e+10
1.185718967881792831e+10
1.185737273055322075e+10
1.185750670806650162e+10
1.185758124800969315e+10
1.185754554182926369e+10
1.185742491972937584e+10
1.185721300265365601e+10
1.185698914917573929e+10
1.185680165611585999e+10
1.185668929939524078e+10
1.185668156214341545e+10
1.185679611840554810e+10
1.185701304513476753e+10
1.185724742917745018e+10
1.185745747968905258e+10
1.185760866453310394e+10
1.185765676929399681e+10
1.185759000570715904e+10
1.185747745765169716e+10
1.185732854960287476e+10
1.185721198006889534e+10
1.185715450692683792e+10
1.185719795290256119e+10
1.185731990538679123e+10
1.185751028622967529e+10
1.185770390685922432e+10
1.185787011294149971e+10
1.185794499996124649e+10
1.185795128994006538e+10
1.185788042309677315e+10
1.185777880508588409e+10
1.185770814943995667e+10
1.185764794189814377e+10
1.185764814939299965e+10
1.185770096494263268e+10
1.185776861336824608e+10
1.185784379762658882e+10
1.185786542464022636e+10
1.185785686855486488e+10
1.185776855578142357e+10
1.185765290675047302e+10
1.185754124327944183e+10
1.185746221484042358e+10
1.185746508525128555e+10
1.185754103492310524e+10
1.185770543055529404e+10
1.185789574542388153e+10
1.185806497978693390e+10
1.185818622777424240e+10
1.185820284343579674e+10
1.185810353266593933e+10
1.185793710637316132e+10
1.185772257534561348e+10
1.185750958009251213e+10
1.185736687483496475e+10
1.185729476508361816e+10
1.185731365210026169e+10
1.185738237215756035e+10
1.185750529328562355e+10
1.185763261608950996e+10
1.185773416843397713e+10
1.185783942067412186e+10
1.185793037942534828e+10
1.185804549432368279e+10
1.185818357620096779e+10
1.185837083395473480e+10
1.185856130511445427e+10
1.185872340742773247e+10
1.185884012847517776e+10
1.185886475164661217e+10
1.185881109683397293e+10
1.185867509945692825e+10
1.185849061961201096e+10
1.185831647244054794e+10
1.185817914167698669e+10
1.185814270658009911e+10
1.185819611042784500e+10
1.185834199971416092e+10
1.185851316370975113e+10
1.185865971853447151e+10
1.185871936257609940e+10
1.185865321891364288e+10
1.185846309438981247e+10
1.185818439462027359e+10
1.185788435356766319e+10
1.185761112546416664e+10
1.185742776634452629e+10
1.185737745212725067e+10
1.185741870461904716e+10
1.185753879888372803e+10
1.185764113567118263e+10
1.185770675725344658e+10
1.185768634191361618e+10
1.185758183243283653e+10
1.185740659870349503e+10
1.185720015295912933e+10
1.185703911689541626e+10
1.185696537538471985e+10
1.185699905759480667e+10
1.185715021091668701e+10
1.185737349708169937e+10
1.185763373256236267e+10
1.185786471963709068e+10
1.185799964710422325e+10
1.185802744925529289e+10
1.185797959939805031e+10
1.185789154200457954e+10
1.185780275301082993e+10
1.185779722457295418e+10
1.185787540040392685e+10
1.185809065802921867e+10
1.185834983959403419e+10
1.185863734284417725e+10
1.185889638693409729e+10
1.185907421751683807e+10
1.185914569699443436e+10
1.185912584019461823e+10
1.185904551284311867e+10
1.185890571440209961e+10
1.185881186286764717e+10
1.185876076571629524e+10
1.185884442396087646e+10
1.185895046632270241e+10
1.185911562507075500e+10
1.185925300725935555e+10
1.185935677270742798e+10
1.185937044979326057e+10
1.185929084278652191e+10
1.185913275294283485e+10
1.185890676574594879e+10
1.185866895943837738e+10
1.185842800783003807e+10
1.185826955280404472e+10
1.185814784070479584e+10
1.185810177570344353e+10
1.185811520991314507e+10
1.185812160010378075e+10
1.185813716369234276e+10
1.185813986521015739e+10
1.185812826977835655e+10
1.185808685929090691e+10
1.185806548074378967e+10
1.185802828931378555e+10
1.185802594652715111e+10
1.185804306272611237e+10
1.185809118395771790e+10
1.185814721990519524e+10
1.185816194678282738e+10
1.185815910893980026e+10
1.185810182100173950e+10
1.185799436721071243e+10
1.185785382790388298e+10
1.185768780496628952e+10
1.185753666947789192e+10
1.185740187811572266e+10
1.185736327820766830e+10
1.185736377764898872e+10
1.185743587127319527e+10
1.185753856230596733e+10
1.185766957584602165e+10
1.185782118255149078e+10
1.185792159958343506e+10
1.185798668768502235e+10
1.185797909435764503e+10
1.185790081440822983e+10
1.185776783922809982e+10
1.185764570650794220e+10
1.185752940315957642e+10
1.185744816744666290e+10
1.185741196706803513e+10
1.185742998254024315e+10
1.185748757432842827e+10
1.185756995260081100e+10
1.185764492601011848e+10
1.185770353420235062e+10
1.185777438143363190e+10
1.185784778689233398e+10
1.185791799761345291e+10
1.185805297024382973e+10
1.185823931181390381e+10
1.185845553359098244e+10
1.185871307958576393e+10
1.185897109302693367e+10
1.185917561201320457e+10
1.185930330431269073e+10
1.185932228544570923e+10
1.185922188504951668e+10
1.185902906983848572e+10
1.185874997283625221e+10
1.185848418288929176e+10
1.185824851042620277e+10
1.185813059971751213e+10
1.185812158403571892e+10
1.185818405064427948e+10
1.185830276238483620e+10
1.185842096631106949e+10
1.185847335917227936e+10
1.185842440305561447e+10
1.185824482201281357e+10
1.185795339258289337e+10
1.185762127131524277e+10
1.185731067745597839e+10
1.185707731979606247e+10
1.185700157505030441e+10
1.185705163459985352e+10
1.185722785485450745e+10
1.185746043415036583e+10
1.185770931272889900e+10
1.185792386422944260e+10
1.185801730479989433e+10
1.185800037580447197e+10
1.185788188894950485e+10
1.185773914754886436e+10
1.185758377312180710e+10
1.185748946339982986e+10
1.185745960594155312e+10
1.185749119781350136e+10
1.185758931750389099e+10
1.185766042683520699e+10
1.185770124776139259e+10
1.185766989897678566e+10
1.185757369653530312e+10
1.185740790660438728e+10
1.185724889799856567e+10
1.185712974731878662e+10
1.185708304023951340e+10
1.185716740031407356e+10
1.185731744665844345e+10
1.185750584339965439e+10
1.185767732038715935e+10
1.185775956373691750e+10
1.185774877426240349e+10
1.185763164419425392e+10
1.185738464352469254e+10
1.185711645256270981e+10
1.185687736286901283e+10
1.185671960596963882e+10
1.185667487292985153e+10
1.185674764870767975e+10
1.185693108755748558e+10
1.185712367233155441e+10
1.185732442049950027e+10
1.185748021821276283e+10
1.185754404198505783e+10
1.185753901210691452e+10
1.185749976749783707e+10
1.185744230693284416e+10
1.185738579707766914e+10
1.185733453804929161e+10
1.185733008849137497e+10
1.185733154889361191e+10
1.185728381527772141e+10
1.185723458752216721e+10
1.185711010664932251e+10
1.185699445836434746e+10
1.185687985849966049e+10
1.185682644569179726e+10
1.185688771521513176e+10
1.185702354127037811e+10
1.185728629277424431e+10
1.185760380247227097e+10
1.185792278512764359e+10
1.185815748392094803e+10
1.185827657655503845e+10
1.185825453914283752e+10
1.185807693707908630e+10
1.185778255399884224e+10
1.185745665357756805e+10
1.185709933551427650e+10
1.185683090050077629e+10
1.185662764447459221e+10
1.185650113982142639e+10
1.185647030078708267e+10
1.185645717385861588e+10
1.185645293632324982e+10
1.185646225847771263e+10
1.185645087141007805e+10
1.185642144042347145e+10
1.185639541047316933e+10
1.185636190911211014e+10
1.185635653416180420e+10
1.185634116066457558e+10
1.185635480204203796e+10
1.185637262209193611e+10
1.185636501550088120e+10
1.185629526233031082e+10
1.185619106506791687e+10
1.185608900200502396e+10
1.185601396555768013e+10
1.185600299552383995e+10
1.185607782595588493e+10
1.185624789294984436e+10
1.185648648944587326e+10
1.185676131760483932e+10
1.185703248149076843e+10
1.185724110083174133e+10
1.185735544037550735e+10
1.185734019980178833e+10
1.185720586868753052e+10
1.185697466091810417e+10
1.185671713072684097e+10
1.185643182295188332e+10
1.185619753829736710e+10
1.185598798073204422e+10
1.185581873917246819e+10
1.185570428880531311e+10
1.185564846502931595e+10
1.185559025255871391e+10
1.185553261104285622e+10
1.185547589987600899e+10
1.185540397332571983e+10
1.185536675718114090e+10
1.185535794352673721e+10
1.185539078975936890e+10
1.185546988627793503e+10
1.185554951729909515e+10
1.185563834386420250e+10
1.185572282913864708e+10
1.185576785266960716e+10
1.185580364435549355e+10
1.185579659256451797e+10
1.185576132025358963e+10
1.185574156765699196e+10
1.185570938695758820e+10
1.185569731855311203e+10
1.185569690329790497e+10
1.185568678777443504e+10
1.185567200082500076e+10
1.185562885408287048e+10
1.185552910297360229e+10
1.185540682704082489e+10
1.185523779776088524e+10
1.185502064782523918e+10
1.185481494119098854e+10
1.185461314312376404e+10
1.185445044327320099e+10
1.185435303719127274e+10
1.185427881122277069e+10
1.185424492696753693e+10
1.185422627313661385e+10
1.185424242055209541e+10
1.185426002438987732e+10
1.185427797167375374e+10
1.185428217314353943e+10
1.185427515203150558e+10
1.185425677549382210e+10
1.185422440718262100e+10
1.185421827141716957e+10
1.185424802348172188e+10
1.185428811528909302e+10
1.185434480760029411e+10
1.185443431786474419e+10
1.185454092689025497e+10
1.185465046811331367e+10
1.185474003478393555e+10
1.185479916738618279e+10
1.185483303267271614e+10
1.185481971243477249e+10
1.185479872342957878e+10
1.185476465107219696e+10
1.185476566082452393e+10
1.185477048762410736e+10
1.185483122248907661e+10
1.185490823134345436e+10
1.185500540773294830e+10
1.185508134037533188e+10
1.185508790066237640e+10
1.185504871177829552e+10
1.185490064344346428e+10
1.185467965723325920e+10
1.185441810359915352e+10
1.185414638560749626e+10
1.185393160824920273e+10
1.185378306703428650e+10
1.185372282043703842e+10
1.185374795837486267e+10
1.185382771690169525e+10
1.185391918310017395e+10
1.185392935640199089e+10
1.185389138323278999e+10
1.185374714707501793e+10
1.185351578767248535e+10
1.185326250704015732e+10
1.185302330991281891e+10
1.185282755297033501e+10
1.185269940834752846e+10
1.185268800875520515e+10
1.185271828296219635e+10
1.185279999561190033e+10
1.185283036535559082e+10
1.185280337923484993e+10
1.185267967088449669e+10
