1.068967896222282028e+10
1.069203443084961510e+10
1.069905245344876480e+10
1.071078565694327927e+10
1.072717225459295273e+10
1.074828942936789131e+10
1.077407229542110443e+10
1.080451705280027771e+10
1.083953396026238823e+10
1.087922820062082672e+10
1.092340817678432655e+10
1.097204098476718330e+10
1.102506022708009720e+10
1.108232845402746582e+10
1.114368542655842018e+10
1.120904658090658951e+10
1.127821553539778709e+10
1.135079154163125992e+10
1.142677275089256287e+10
1.150574503893706322e+10
1.158756104708070755e+10
1.167202898083353615e+10
1.175908226415658951e+10
1.184866804742590332e+10
1.194067793891887856e+10
1.203509555122132874e+10
1.213201448357401657e+10
1.223145057187867546e+10
1.233345562252843857e+10
1.243826616690553284e+10
1.254615215567087555e+10
1.265742438398735809e+10
1.277288905652052689e+10
1.289380536655346680e+10
1.302229179312277031e+10
1.316362501122064209e+10
1.332751688633138275e+10
1.350991297839974213e+10
1.366593498947057343e+10
1.375578653969330788e+10
1.377855149297723770e+10
1.373303597649242592e+10
1.359629891357584381e+10
1.343425615087516022e+10
1.327545434770941544e+10
1.312692990616582870e+10
1.298734998155612755e+10
1.285331414871317101e+10
1.272216898285881615e+10
1.259216027525627518e+10
1.246207717779933167e+10
1.233114459796342850e+10
1.219878996647750473e+10
1.206445884099079895e+10
1.192778299294411659e+10
1.178831529995519829e+10
1.164563379854272461e+10
1.150036367314830017e+10
1.135383685921871758e+10
1.120749895960748291e+10
1.117306922133456802e+10
1.109636508779330635e+10
1.103148172450542450e+10
1.097264299143203354e+10
1.090541507717548943e+10
1.083578650708782005e+10
1.076565149990122604e+10
1.069533341993033981e+10
1.062441379749793243e+10
1.055319379154567719e+10
1.048120269795444870e+10
1.040788356470617294e+10
1.033401833180451775e+10
1.025923143976248360e+10
1.018417512197543144e+10
1.010794001464331055e+10
1.003103300486640549e+10
9.953335216109474182e+09
9.874922072902372360e+09
9.795878077357275009e+09
9.716548465174779892e+09
9.636930606226879120e+09
9.556487604241226196e+09
9.475336168612075806e+09
9.394780791811962128e+09
9.313318670605098724e+09
9.231654232901840210e+09
9.149362203268505096e+09
9.065884627980230331e+09
8.968643557588962555e+09
8.844978002479749680e+09
8.702215402846261978e+09
8.556047551895037651e+09
8.390202368881772995e+09
8.222317545257022858e+09
8.055133307369935989e+09
7.919307495884464264e+09
7.792057331708830833e+09
7.686404631787533760e+09
7.600696739428878784e+09
7.531058702086072922e+09
7.472098282046814919e+09
7.415987547014710426e+09
7.365877426586020470e+09
7.321916550263343811e+09
7.278850720372905731e+09
7.237388293545763016e+09
7.198916267047734261e+09
7.159316836866062164e+09
7.117560185147356033e+09
7.078961531957616806e+09
7.041920470150672913e+09
7.003576208854921341e+09
6.965097515612194061e+09
6.927396528855662346e+09
6.890581082291769981e+09
6.854461987430736542e+09
6.816840794199876785e+09
6.780798034499449730e+09
6.749660241148662567e+09
6.718446846681058884e+09
6.688069884056686401e+09
6.659586304774811745e+09
6.633713938701495171e+09
6.607249134838357925e+09
6.582863785246319771e+09
6.559725094834598541e+09
6.539590519346729279e+09
6.521344813245454788e+09
6.504453934031846046e+09
6.486613816965693474e+09
6.469502212372941971e+09
6.456147780859933853e+09
6.443312721438819885e+09
6.432509212688238144e+09
6.423128194260044098e+09
6.414877324996170998e+09
6.407564889945490837e+09
6.399817907286131859e+09
6.393625836604347229e+09
6.387455246619567871e+09
6.383515416246579170e+09
6.379790245397213936e+09
6.376161182607271194e+09
6.372693488891725540e+09
6.369695796586843491e+09
6.366373282553603172e+09
6.363131083801770210e+09
6.360929610427779198e+09
6.358896586050187111e+09
6.357312220594749451e+09
6.356204748581528664e+09
6.355039671352469444e+09
6.353733522161586761e+09
6.351591718805443764e+09
6.350514005447859764e+09
6.350017743939878464e+09
6.349041731723223686e+09
6.348268792121539116e+09
6.347664693362698555e+09
6.347506491230222702e+09
6.347451683392005920e+09
6.347750545737643242e+09
6.348569676922892570e+09
6.349070863246994019e+09
6.349098751303859711e+09
6.348990854718319893e+09
6.349390547743019104e+09
6.350235550197518349e+09
6.351456356380592346e+09
6.352475899710947990e+09
6.353271522753313065e+09
6.354685164262701035e+09
6.355633563595932007e+09
6.356890977827559471e+09
6.358610668018097878e+09
6.360264752091739655e+09
6.362538680666530609e+09
6.365042706134956360e+09
6.367186010103455544e+09
6.369703568007310867e+09
6.371769913734135628e+09
6.374085178935997963e+09
6.376447294412766457e+09
6.378567036817327499e+09
6.380508606786962509e+09
6.382461670138604164e+09
6.384143815536540031e+09
6.386297324117262840e+09
6.388424520310872078e+09
6.390679444663496017e+09
6.392820198388709068e+09
6.395091085180325508e+09
6.397385395762049675e+09
6.399894943913876534e+09
6.402341512549548149e+09
6.404483914183264732e+09
6.406953894532922745e+09
6.409525360828641891e+09
6.412041254981060982e+09
6.414912563230973244e+09
6.417456974711933136e+09
6.419975914306832314e+09
6.422207536225056648e+09
6.424891825131979942e+09
6.427381402693258286e+09
6.429711560319608688e+09
6.432444499014539719e+09
6.435108274599020004e+09
6.437710069141192436e+09
6.440427069137106895e+09
6.443277752513134003e+09
6.446047205338857651e+09
6.448868327095848083e+09
6.451778054922073364e+09
6.454776306532514572e+09
6.457698950309499741e+09
6.460693020354308128e+09
6.463616459316109657e+09
6.466511869450695992e+09
6.469438530906711578e+09
6.472326930528311729e+09
6.475188571002905846e+09
6.478152580811398506e+09
6.480971536968978882e+09
6.483805918866607666e+09
6.486523200119552612e+09
6.489357401786980629e+09
6.492087054302154541e+09
6.494805974622757912e+09
6.497288003895675659e+09
6.499897672744319916e+09
6.502457597990571022e+09
6.505025678683125496e+09
6.507540360937691689e+09
6.510054532326711655e+09
6.512379775527949333e+09
6.514653556880181313e+09
6.516940530439351082e+09
6.519168733057937622e+09
6.521427337852271080e+09
6.523568368075688362e+09
6.525575197483017921e+09
6.527403389080492020e+09
6.529111630375907898e+09
6.530634136127285004e+09
6.532056685500525475e+09
6.533320847751118660e+09
6.534396132230781555e+09
6.535222334028274536e+09
6.535820173048318863e+09
6.536157075315900803e+09
6.536409487198677063e+09
6.536393089932405472e+09
6.536175712532888412e+09
6.535607276902233124e+09
6.534883844245790482e+09
6.534028136917474747e+09
6.532983849119621277e+09
6.531775615912449837e+09
6.530363089051922798e+09
6.528994362015386581e+09
6.527445528729289055e+09
6.525844821832826614e+09
6.524137714168494225e+09
6.522338435081049919e+09
6.520387172820840836e+09
6.518450258476026535e+09
6.516480164041278839e+09
6.514467323024351120e+09
6.512381647200255394e+09
6.510296219725206375e+09
6.508194925209554672e+09
6.506005339899994850e+09
6.503743931075551987e+09
6.501413850366655350e+09
6.499015130678100586e+09
6.496612911174921989e+09
6.494173006369859695e+09
6.491641503822656631e+09
6.489045976210241318e+09
6.486382049134313583e+09
6.483690666793312073e+09
6.480927599020558357e+09
6.478089746396714211e+09
6.475166429121203423e+09
6.472178883738133430e+09
6.469183079414062500e+09
6.466073399614866257e+09
6.462950624099917412e+09
6.459766068445466995e+09
6.456365804504594803e+09
6.452994128365463257e+09
6.449574423854360580e+09
6.446077790215389252e+09
6.442505999112564087e+09
6.438860179928823471e+09
6.435072488683664322e+09
6.431261876528779984e+09
6.427391162545828819e+09
6.423367266688786507e+09
6.419267446325860977e+09
6.415187220264866829e+09
6.410939496757789612e+09
6.406585678964377403e+09
6.402233736460294724e+09
6.397523381171569824e+09
6.392798414272562981e+09
6.387886610290431976e+09
6.383148107958064079e+09
6.378301350374016762e+09
6.373342896448317528e+09
6.368661248532314301e+09
6.363783600140096664e+09
6.357929442405945778e+09
6.347010744829045296e+09
6.336092592698418617e+09
6.326757452734806061e+09
6.318648354592071533e+09
6.311031631301980019e+09
6.303875839483223915e+09
6.295671346891525269e+09
6.285864646253307343e+09
6.273962623708628654e+09
6.261948064682697296e+09
6.249733187111858368e+09
6.237359107170956612e+09
6.225554375388991356e+09
6.215432813836826324e+09
6.205708828853387833e+09
6.196799669418388367e+09
6.187597893614450455e+09
6.178882789800306320e+09
6.170251635518701553e+09
6.161334570873769760e+09
6.152813092314517975e+09
6.144320614348828316e+09
6.136337066207585335e+09
6.128471401191987991e+09
6.119911547610196114e+09
6.111874577062997818e+09
6.102948675448773384e+09
6.094575095488058090e+09
6.086236153094773293e+09
6.078436330634477615e+09
6.070938394669953346e+09
6.063278151878819466e+09
6.055640915786894798e+09
6.048428837419898987e+09
6.040929701669024467e+09
6.033726932760997772e+09
6.026174051635646820e+09
6.018856862333650589e+09
6.012219065570903778e+09
6.005394955766338348e+09
5.998604839174621582e+09
5.991702035570533752e+09
5.984521113165305138e+09
5.977554292542197227e+09
5.969853033638070107e+09
5.961594290728812218e+09
5.953384527675764084e+09
5.945741667801748276e+09
5.938755389816075325e+09
5.931754430098329544e+09
5.925132621636409760e+09
5.919495773284439087e+09
5.914408179182556152e+09
5.909868806045923233e+09
5.905267033966857910e+09
5.900721311259736061e+09
5.896556629291076660e+09
5.892133544683485031e+09
5.887570477283131599e+09
5.883273665860555649e+09
