6.736880128904176712e+09
6.736880157038140297e+09
6.736880242459382057e+09
6.736880388346762657e+09
6.736880600464620590e+09
6.736880886870755196e+09
6.736881259608549118e+09
6.736881734138396263e+09
6.736882332391276360e+09
6.736883081247761726e+09
6.736884017197525024e+09
6.736885187099780083e+09
6.736886650660659790e+09
6.736888481529809952e+09
6.736890779647177696e+09
6.736893670158641815e+09
6.736897312257782936e+09
6.736901905904250145e+09
6.736907712648153305e+09
6.736915049797455788e+09
6.736924328361047745e+09
6.736936062703123093e+09
6.736950927714181900e+09
6.736969729332071304e+09
6.736993553043758392e+09
6.737023702448890686e+09
6.737061882598708153e+09
6.737110256988131523e+09
6.737171439179694176e+09
6.737248778298934937e+09
6.737346452480685234e+09
6.737469582947103500e+09
6.737624553921565056e+09
6.737819141092360497e+09
6.738062627703694344e+09
6.738365883084255219e+09
6.738741155289307594e+09
6.739201333575307846e+09
6.739759048749124527e+09
6.740424940013719559e+09
6.741207378802125931e+09
6.742112341849328995e+09
6.743139206781019211e+09
6.744277064046622276e+09
6.745516077170071602e+09
6.746855371292474747e+09
6.748294939239873886e+09
6.749814732864245415e+09
6.751328318459049225e+09
6.752742311105852127e+09
6.754034984536231041e+09
6.755247596195863724e+09
6.756433986183739662e+09
6.757637985080145836e+09
6.758856942273015022e+09
6.760099081264052391e+09
6.761531412831713676e+09
6.763261116355533600e+09
6.765332958970824242e+09
6.767786538057673454e+09
6.770663264944262505e+09
6.773968850413657188e+09
6.777712059616482735e+09
6.781950520239058495e+09
6.787091100300992012e+09
6.793425508186905861e+09
6.801034431051000595e+09
6.809907973283288956e+09
6.820708343882937431e+09
6.833970882524649620e+09
6.848974131497019768e+09
6.864185771771746635e+09
6.875605507608391762e+09
6.881788865206654549e+09
6.883898632293178558e+09
6.883918370869148254e+09
6.883930317837884903e+09
6.884601209021260262e+09
6.886739320572752953e+09
6.889649855851068497e+09
6.892352382320902824e+09
6.893788085528309822e+09
6.893769127741931915e+09
6.892803479340044022e+09
6.891804083741153717e+09
6.891074340780426979e+09
6.890270264577424049e+09
6.889161162628493309e+09
6.887652407819111824e+09
6.885788109605356216e+09
6.883499248867747307e+09
6.880892534016011238e+09
6.877997795890091896e+09
6.875108551215777397e+09
6.872420315912641525e+09
6.869902102728279114e+09
6.867557430663174629e+09
6.865671333050752640e+09
6.864420221899162292e+09
6.863719344064023018e+09
6.863403045168882370e+09
6.863509782707323074e+09
6.864227200599153519e+09
6.865687366361370087e+09
6.867819941364850044e+09
6.870443701616033554e+09
6.873213127712418556e+09
6.875923759706870079e+09
6.878739265767300606e+09
6.881789244115839958e+09
6.885033437219065666e+09
6.888679096992911339e+09
6.893066971289751053e+09
6.898285911406596184e+09
6.904476344607652664e+09
6.911326307546112061e+09
6.917454214128394127e+09
6.921704696619496346e+09
6.923816896770805359e+09
6.924729686396367073e+09
6.924966358111138344e+09
6.924719983174182892e+09
6.924424958895019531e+09
6.924059238956591606e+09
6.922924924301525116e+09
6.921091810921234131e+09
6.919188202143244743e+09
6.917395698603661537e+09
6.915576092607823372e+09
6.913880549681320190e+09
6.912219936978129387e+09
6.910343807515935898e+09
6.908535524832543373e+09
6.907009466180933952e+09
6.905537996513001442e+09
6.904296314078324318e+09
6.903381935845332146e+09
6.902749106170038223e+09
6.902380200562126160e+09
6.902243585043558121e+09
6.902179112774124146e+09
6.902191409329088211e+09
6.902207743280151367e+09
6.902048017564990044e+09
6.901771893328487396e+09
6.901569533725932121e+09
6.901579620323692322e+09
6.901853690814530373e+09
6.902307238936470985e+09
6.902840719780196190e+09
6.903486470128956795e+09
6.904310959356577873e+09
6.905203383935762405e+09
6.905919323724408150e+09
6.906360818577291489e+09
6.906565594953235626e+09
6.906632161566033363e+09
6.906414849337229729e+09
6.905998068492281914e+09
6.905677205117528915e+09
6.905523478556574821e+09
6.905567471148950577e+09
6.905814413621339798e+09
6.906245743112883568e+09
6.906878494360217094e+09
6.907720878661781311e+09
6.908632472147844315e+09
6.909469981262389183e+09
6.910196494751119614e+09
6.910906006749357224e+09
6.911712870930203438e+09
6.912619351691488266e+09
6.913408398298338890e+09
6.913841255948684692e+09
6.913955813749675751e+09
6.913996852679435730e+09
6.913954687168302536e+09
6.913718831351511955e+09
6.913362121374532700e+09
6.913075370974493027e+09
6.912863311199606895e+09
6.912750453095814705e+09
6.912747357136120796e+09
6.912840005642580032e+09
6.912922368809892654e+09
6.913067478751399040e+09
6.913327875441677094e+09
6.913750500485086441e+09
6.914352281583080292e+09
6.915063256142930984e+09
6.915827122946153641e+09
6.916588824424380302e+09
6.917257784141528130e+09
6.917913146636173248e+09
6.918551945035642624e+09
6.919048348203544617e+09
6.919257837283006668e+09
6.919249038755339622e+09
6.919179205781609535e+09
6.919143658209361076e+09
6.919271358018023491e+09
6.919552677672521591e+09
6.919870127180585861e+09
6.920162787206828117e+09
6.920518262655645370e+09
6.921020617587756157e+09
6.921695332914813042e+09
6.922500898013249397e+09
6.923380513579348564e+09
6.924351372344621658e+09
6.925381995341123581e+09
6.926200041271139145e+09
6.926497435282957077e+09
6.926188156671206474e+09
6.925600698332317352e+09
6.925102568136374474e+09
6.924793787919907570e+09
6.924670099988325119e+09
6.924687900837687492e+09
6.924763082038219452e+09
6.924884173768351555e+09
6.925173290603923798e+09
6.925574957567231178e+09
6.925988273500472069e+09
6.926379735245111465e+09
6.926850159157296181e+09
6.927486948939437866e+09
6.928285035341802597e+09
6.928966561260503769e+09
6.929407328922474861e+09
6.929657832978171349e+09
6.929707138792891502e+09
6.929567593019048691e+09
6.929277319739838600e+09
6.928905667658399582e+09
6.928518009661775589e+09
6.928160364409185410e+09
6.927847728944893837e+09
6.927573126701539993e+09
6.927354128680500984e+09
6.927262432454405785e+09
6.927292268123941422e+09
6.927440955775087357e+09
6.927649850763353348e+09
6.927903831411709785e+09
6.928154791394916534e+09
6.928333480119639397e+09
6.928485028042846680e+09
6.928649515564200401e+09
6.928676668655591011e+09
6.928481412306631088e+09
6.928234925466783524e+09
6.928036349731992722e+09
6.927913641641633987e+09
6.927833995790853500e+09
6.927761899462418556e+09
6.927740414343652725e+09
6.927808079821165085e+09
6.927952041493145943e+09
6.928146410967510223e+09
6.928367199974634171e+09
6.928708026127163887e+09
6.929095134945573807e+09
6.929521498315769196e+09
6.930055573315438271e+09
6.930390263998080254e+09
6.930447298471626282e+09
6.930448746980693817e+09
6.930341934445841789e+09
6.930158427192050934e+09
6.929944850283402443e+09
6.929731162810806274e+09
6.929525394206663132e+09
6.929330837632117271e+09
6.929191923658737183e+09
6.929117386017551422e+09
6.929099465230750084e+09
6.929137165442522049e+09
6.929207616930180550e+09
6.929343236119978905e+09
6.929622676664284706e+09
6.929945108514887810e+09
6.930287625154296875e+09
6.930619612870305061e+09
6.930967065009736061e+09
6.931372167077397346e+09
6.931854213914232254e+09
6.932365019832458496e+09
6.932620849574651718e+09
6.932703525783902168e+09
6.932748001794028282e+09
6.932741384186084747e+09
6.932683669245056152e+09
6.932638916128300667e+09
6.932638102720609665e+09
6.932693985905220032e+09
6.932789989619741440e+09
6.932923777181470871e+09
6.933169804122467995e+09
6.933485521838462830e+09
6.933832274502285004e+09
6.934025542821582794e+09
6.934147764568434715e+09
6.934236039348344803e+09
6.934269055993948936e+09
6.934212918682256699e+09
6.934139355472565651e+09
6.934112405647523880e+09
6.934166558719895363e+09
6.934290655528124809e+09
6.934461220694712639e+09
6.934691802599129677e+09
6.934996915582692146e+09
6.935342329170758247e+09
6.935663077806941986e+09
6.935950816251426697e+09
6.936290327184684753e+09
6.936659128553090096e+09
6.936905478589234352e+09
6.936909532947671890e+09
6.936756955193491936e+09
6.936589427359734535e+09
6.936478948702495575e+09
6.936442381421043396e+09
6.936447839926172256e+09
6.936484550513068199e+09
6.936551277309647560e+09
6.936668145099297523e+09
6.936841602094496727e+09
6.937057162452117920e+09
6.937264566935894012e+09
6.937415163413023949e+09
6.937517949385648727e+09
6.937616990552467346e+09
6.937666674875975609e+09
6.937638456010646820e+09
6.937598560826292992e+09
6.937575818935668945e+09
6.937534374222668648e+09
6.937449753852221489e+09
6.937356063764988899e+09
6.937299286647707939e+09
6.937298262222904205e+09
6.937362629830073357e+09
6.937511742070309639e+09
6.937733576667033195e+09
6.938010466112574577e+09
6.938329984724705696e+09
6.938615753961865425e+09
6.938886422081013680e+09
6.939167439264011383e+09
6.939364599302348137e+09
6.939411743361650467e+09
6.939345249228806496e+09
6.939202295836545944e+09
6.939066156442632675e+09
6.938992632120913506e+09
6.938990160546730995e+09
6.939054723976388931e+09
6.939173329080495834e+09
6.939330260951355934e+09
6.939510388639554977e+09
6.939657998997200966e+09
6.939710405126102448e+09
6.939700159518978119e+09
6.939666076396209717e+09
6.939616596474064827e+09
6.939638632631908417e+09
6.939658748999550819e+09
6.939680424113143921e+09
6.939753698826926231e+09
6.939876996447319031e+09
6.940015555033194542e+09
6.940227924148173332e+09
6.940511583839619637e+09
