0.000000000000000000e+00
1.383334581929363194e+05
5.544779262411548989e+05
1.251525406374965794e+06
2.234434816137056332e+06
3.510156266789377201e+06
5.087883733060297556e+06
6.978832250473911874e+06
9.196956112962368876e+06
1.175882568897248432e+07
1.468410994924650155e+07
1.799602471332362667e+07
2.172174503681637347e+07
2.589296602418686450e+07
3.054692857834897563e+07
3.572686147846508771e+07
4.148372775959309191e+07
4.787669949725595862e+07
5.497583050311928242e+07
6.286347935208324343e+07
7.163708175831680000e+07
8.141223003306026757e+07
9.232679648542329669e+07
1.045459430182196647e+08
1.182674983904262930e+08
1.337300103315898180e+08
1.512227698034090400e+08
1.710981721204556227e+08
1.937881327317690253e+08
2.198323356470008194e+08
2.499157645204347372e+08
2.849433889409074187e+08
3.261633380597850680e+08
3.755104119327263236e+08
4.361885991528142691e+08
5.142783674136391878e+08
6.211448139366012812e+08
7.549714452394723892e+08
8.747002259763572216e+08
9.449363802282966375e+08
9.678065658707253933e+08
9.427988740064055920e+08
8.446266913052833080e+08
7.354130330862379074e+08
6.405772889385553598e+08
5.650590730281807184e+08
5.060560352990285158e+08
4.591457877116454244e+08
4.210134670307434201e+08
3.893625096444461942e+08
3.626176101267080307e+08
3.396828811282911301e+08
3.197652709948906302e+08
3.022764734390921593e+08
2.867752198054694533e+08
2.729331644434583783e+08
2.604968057202751935e+08
2.492637105283311903e+08
2.390685840174334049e+08
2.297779457992695570e+08
2.221646407744106650e+08
2.153632872546734512e+08
2.094445080534681976e+08
2.042742352983163297e+08
1.996942017039707601e+08
1.956137371347680688e+08
1.919624829304390550e+08
1.886814776516474783e+08
1.857173246850253940e+08
1.830283201001825035e+08
1.805726478520130515e+08
1.783148875221293569e+08
1.762364383801551163e+08
1.743203444529279172e+08
1.725631039458625317e+08
1.709420703959446847e+08
1.694559194543361068e+08
1.680946036295970082e+08
1.668485167056637108e+08
1.657072345041365027e+08
1.646639666394206583e+08
1.637113963795260787e+08
1.628461046039332449e+08
1.620644248952504992e+08
1.613611779613769650e+08
1.607413683073696792e+08
1.602044840631686449e+08
1.597479425403283238e+08
1.593676048972570002e+08
1.590623547724368274e+08
1.588199070133081675e+08
1.586370656875236332e+08
1.585098239048395157e+08
1.584376929769290388e+08
1.584044953128684759e+08
1.583900831097871661e+08
1.583832308699494004e+08
1.583848286990098953e+08
1.583918258147117496e+08
1.584003886969888806e+08
1.584107722299270332e+08
1.584229337949237823e+08
1.584350877413887382e+08
1.584444438039772809e+08
1.584486385912356079e+08
1.584459896565701663e+08
1.584369956233668923e+08
1.584213973543062210e+08
1.583998183095649183e+08
1.583748831406912208e+08
1.583473166379243731e+08
1.583193157852174640e+08
1.582933555588308275e+08
1.582715864439429045e+08
1.582537614672138393e+08
1.582394435658638179e+08
1.582283872284277678e+08
1.582201065280834734e+08
1.582148409142465889e+08
1.582116601106694043e+08
1.582106351909194887e+08
1.582112217123700678e+08
1.582136773969890773e+08
1.582176204823733568e+08
1.582227307096624970e+08
1.582291581882141531e+08
1.582371858920783997e+08
1.582465987346061468e+08
1.582573158684662282e+08
1.582694241871010065e+08
1.582832705839717388e+08
1.582990675843770802e+08
1.583165205114038885e+08
1.583357415862464607e+08
1.583564960001104474e+08
1.583787842046968937e+08
1.584029253797202706e+08
1.584285954687506557e+08
1.584559343039923608e+08
1.584847211178176105e+08
1.585148799250318408e+08
1.585461229299074709e+08
1.585784607818120420e+08
1.586117594335826635e+08
1.586458848720993996e+08
1.586807981082975566e+08
1.587164493685708940e+08
1.587525897590917349e+08
1.587890280519555509e+08
1.588257318036547899e+08
1.588625676714990139e+08
1.588994640547874570e+08
1.589363359978256226e+08
1.589730786035164893e+08
1.590100377722803354e+08
1.590469452615154982e+08
1.590835484947318137e+08
1.591199385864688754e+08
1.591559631746073663e+08
1.591914883286296129e+08
1.592264070354040265e+08
1.592606359403093159e+08
1.592940955590770543e+08
1.593266857260241210e+08
1.593583842844749987e+08
1.593892329924241304e+08
1.594192873275617957e+08
1.594484996974368095e+08
1.594768922436580658e+08
1.595045004392859042e+08
1.595315120505970120e+08
1.595581813899478614e+08
1.595846674800307751e+08
1.596112664763993919e+08
1.596381671310074925e+08
1.596652179185763896e+08
1.596920099741234183e+08
1.597180471480902731e+08
1.597428395085912645e+08
1.597659352264956832e+08
1.597868276487998962e+08
1.598052451827040017e+08
1.598210906921437085e+08
1.598344545350048542e+08
1.598456369898310602e+08
1.598547910092718601e+08
1.598619178092201948e+08
1.598672293938125670e+08
1.598710183023457825e+08
1.598737716641472280e+08
1.598762319596182406e+08
1.598792322190330625e+08
1.598835537174113691e+08
1.598896854967362583e+08
1.598979256811724901e+08
1.599084027376284003e+08
1.599211964478687048e+08
1.599363205415069163e+08
1.599537808946895003e+08
1.599737085492044687e+08
1.599961849497676790e+08
1.600212771569954157e+08
1.600490584058660567e+08
1.600796313660895228e+08
1.601130011398592591e+08
1.601492705178683102e+08
1.601885221609266996e+08
1.602308785986329913e+08
1.602764610415372550e+08
1.603254535306005478e+08
1.603779502146485448e+08
1.604340806060715914e+08
1.604939447876935601e+08
1.605577512147562802e+08
1.606257538204914927e+08
1.606981411746361554e+08
1.607752039161071777e+08
1.608572283386031687e+08
1.609445804464310706e+08
1.610377090165740848e+08
1.611372037210288644e+08
1.612437458392038643e+08
1.613578786627187729e+08
1.614800167155165374e+08
1.616105367510391474e+08
1.617498851896023750e+08
1.618985112552811503e+08
1.620570196131646335e+08
1.622259621467835903e+08
1.624056636810540259e+08
1.625962171957774758e+08
1.627979464207355976e+08
1.630109731085401773e+08
1.632350783509767652e+08
1.634701614978874624e+08
1.637172901097030938e+08
1.639779798780637681e+08
1.642540541909828782e+08
1.645488683787113428e+08
1.648672842321068943e+08
1.652076597633714676e+08
1.655634648893690109e+08
1.659233811621906757e+08
1.662785096269735098e+08
1.666196483657593429e+08
1.669405629777650833e+08
1.672384913286924958e+08
1.675057951818230748e+08
1.677325251372509301e+08
1.679048178917540014e+08
1.680125379442725182e+08
1.680535380084016919e+08
1.680324191386018991e+08
1.679520380223037601e+08
1.678137585133419931e+08
1.676207234471242130e+08
1.673812324546004236e+08
1.671121609080330133e+08
1.668220662539890409e+08
1.665169798819339871e+08
1.662064708613229990e+08
1.658973509051944911e+08
1.655938039072638750e+08
1.652967364506627023e+08
1.650067448546213210e+08
1.647236509851021171e+08
1.644524690886959732e+08
1.642031585252435803e+08
1.639808393819031119e+08
1.637827633658085465e+08
1.636050029423543513e+08
1.634440395076477230e+08
1.632971773076856434e+08
1.631624430533959866e+08
1.630383965556609035e+08
1.629237533701282442e+08
1.628172691799643934e+08
1.627180163529854715e+08
1.626251523441547751e+08
1.625377711709774435e+08
1.624551431522120237e+08
1.623765759637940228e+08
1.623017075488892496e+08
1.622302548649545312e+08
1.621618874461489022e+08
1.620962063927748501e+08
1.620326461103391647e+08
1.619705373917772472e+08
1.619094725474511087e+08
1.618493112443357110e+08
1.617899726676269472e+08
1.617314854303389490e+08
1.616738155705237985e+08
1.616168888124478459e+08
1.615605849460157156e+08
1.615048003979443610e+08
1.614494278857576847e+08
1.613944247144019604e+08
1.613397372485119104e+08
1.612853896917044818e+08
1.612315608712203205e+08
1.611782678442377150e+08
1.611255425147966743e+08
1.610734610267162621e+08
1.610221815107589364e+08
1.609719144177904725e+08
1.609227924489313066e+08
1.608749172013221979e+08
1.608283203385028839e+08
1.607830608854156435e+08
1.607391973387460411e+08
1.606967543542905748e+08
1.606557334262554348e+08
1.606161703590145111e+08
1.605781772550287247e+08
1.605424137601550519e+08
1.605088615378838181e+08
1.604772563244780600e+08
1.604474463017108142e+08
1.604193096702911258e+08
1.603927474280006886e+08
1.603677856206433177e+08
1.603444994364856184e+08
1.603229503164293468e+08
1.603030889147651494e+08
1.602848477821007073e+08
1.602681890311442316e+08
1.602529873436244726e+08
1.602390690879235268e+08
1.602263611629737914e+08
1.602147725884639025e+08
1.602042683681858778e+08
1.601947737387901843e+08
1.601863082619196177e+08
1.601789190440077782e+08
1.601726107280443013e+08
1.601673438047708869e+08
1.601631131205146313e+08
1.601599669811985195e+08
1.601579252983956933e+08
1.601570163510095179e+08
1.601573446834188402e+08
1.601588845157388747e+08
1.601616870468391180e+08
1.601657400592601597e+08
1.601709014449442327e+08
1.601770539331484735e+08
1.601841271673042476e+08
1.601919945789049566e+08
1.602004859089128971e+08
1.602095383504253924e+08
1.602191379577603936e+08
1.602293051182587147e+08
1.602399598169359863e+08
1.602512438674790561e+08
1.602633238200207651e+08
1.602762925942330062e+08
1.602903357865472138e+08
1.603056062246666253e+08
1.603223108696320057e+08
1.603405370889878869e+08
1.603604052171378434e+08
1.603819858132095933e+08
1.604052709814962149e+08
1.604302716591596007e+08
1.604569087693084776e+08
1.604850043245064020e+08
1.605143543372122645e+08
1.605448465778728127e+08
1.605765983605300486e+08
1.606098664797991216e+08
1.606448992943682671e+08
1.606821273358259499e+08
1.607218623412772417e+08
1.607640851444858611e+08
