0.000000000000000000e+00
2.813396267556160169e+01
1.135552052503262246e+02
2.594425854331582286e+02
4.715604435938780057e+02
7.579665785138982983e+02
1.130704371931248261e+03
1.605234219414518975e+03
2.203487099818852585e+03
2.952343583972668966e+03
3.888293348169959245e+03
5.058195603517784548e+03
6.521756482034214059e+03
8.352625632782779576e+03
1.065074300016934285e+04
1.354125446471868054e+04
1.718335360583938018e+04
2.177700007325272600e+04
2.758374397645600766e+04
3.492089327770903765e+04
4.419945687130207079e+04
5.593379894643049192e+04
7.079881000491815212e+04
8.960042789321034797e+04
1.134241395820481848e+05
1.435735447136461735e+05
1.817536945312687312e+05
2.301280839546385978e+05
2.913102755174519261e+05
3.686493947580834501e+05
4.663235765087712207e+05
5.894540429269798333e+05
7.444250173884866526e+05
9.390121881838515401e+05
1.182498799518105108e+06
1.485754180078320671e+06
1.861026385132040363e+06
2.321204671131272335e+06
2.878919844947224017e+06
3.544811109542050865e+06
4.327249897949293256e+06
5.232212945150955580e+06
6.259077876842644997e+06
7.396935142445564270e+06
8.635948265893470496e+06
9.975242388298043981e+06
1.141481033569758572e+07
1.293460396006863564e+07
1.444818955487267673e+07
1.586218220167558081e+07
1.715485563205366954e+07
1.836746729168684781e+07
1.955385727956281602e+07
2.075785617596937343e+07
2.197681336883838475e+07
2.321895235987558588e+07
2.465128392753670737e+07
2.638098745135555044e+07
2.845283006664767489e+07
3.090640915349685401e+07
3.378313604008561373e+07
3.708872150947924703e+07
4.083193071230641007e+07
4.507039133488141745e+07
5.021097139681505412e+07
5.654537928272906691e+07
6.415430214682288468e+07
7.302784437911267579e+07
8.382821497876067460e+07
9.709075362047328055e+07
1.120940025928432941e+08
1.273056428675697148e+08
1.387253787042148411e+08
1.449087363024781346e+08
1.470185033890010118e+08
1.470382419649703503e+08
1.470501889337068796e+08
1.477210801170838475e+08
1.498591916685762107e+08
1.527697269468922615e+08
1.554722534167264104e+08
1.569079566241333783e+08
1.568889988377547860e+08
1.559233504358662963e+08
1.549239548369767666e+08
1.541942118762506247e+08
1.533901356732461154e+08
1.522810337243163884e+08
1.507722789149355590e+08
1.489079807011796236e+08
1.466191199635704756e+08
1.440124051118344665e+08
1.411176669859156311e+08
1.382284223116008341e+08
1.355401870084651113e+08
1.330219738241025805e+08
1.306773017589979619e+08
1.287912041465762705e+08
1.275400929949854612e+08
1.268392151598450243e+08
1.265229162647069842e+08
1.266296538031463921e+08
1.273470716949761212e+08
1.288072374571937621e+08
1.309398124606731683e+08
1.335635727118566930e+08
1.363329988082422018e+08
1.390436308026932180e+08
1.418591368631242216e+08
1.449091152116642892e+08
1.481533083148887753e+08
1.517989680887350738e+08
1.561868423855744004e+08
1.614057825024192631e+08
1.675962157034759223e+08
1.744461786419342458e+08
1.805740852242175639e+08
1.848245677153189480e+08
1.869367678666296303e+08
1.878495574921907783e+08
1.880862292069618404e+08
1.878398542700054049e+08
1.875448299908430278e+08
1.871791100524146855e+08
1.860447953973487020e+08
1.842116820170583725e+08
1.823080732390678227e+08
1.805155696994845271e+08
1.786959637036456764e+08
1.770004207771413624e+08
1.753398080739523172e+08
1.734636786117595732e+08
1.716553959283665121e+08
1.701293372767571509e+08
1.686578676088244319e+08
1.674161851741473973e+08
1.665018069411558807e+08
1.658689772658612132e+08
1.655000716579494476e+08
1.653634561393814683e+08
1.652989838699463010e+08
1.653112804249101877e+08
1.653276143759748936e+08
1.651678886608134210e+08
1.648917644243100286e+08
1.646894048217553794e+08
1.646994914195151329e+08
1.649735619103524089e+08
1.654271100322942436e+08
1.659605908760198951e+08
1.666063412247797549e+08
1.674308304524007738e+08
1.683232550315856040e+08
1.690391948202317655e+08
1.694806896731143296e+08
1.696854660490575731e+08
1.697520326618570685e+08
1.695347204330517650e+08
1.691179395881054401e+08
1.687970762133518159e+08
1.686433496523978412e+08
1.686873422447727621e+08
1.689342847171635032e+08
1.693656142087069452e+08
1.699983654560405016e+08
1.708407497576048970e+08
1.717523432436679900e+08
1.725898523582125008e+08
1.733163658469431996e+08
1.740258778451808691e+08
1.748327420260254443e+08
1.757392227873111069e+08
1.765282693941622376e+08
1.769611270445083976e+08
1.770756848454980850e+08
1.771167237752580047e+08
1.770745582641260922e+08
1.768387024473347366e+08
1.764819924703558087e+08
1.761952420703150332e+08
1.759831822954288423e+08
1.758703241916383505e+08
1.758672282319443226e+08
1.759598767384031713e+08
1.760422399057155848e+08
1.761873498472213745e+08
1.764477465374999642e+08
1.768703715809093714e+08
1.774721526789033413e+08
1.781831272387542129e+08
1.789469940419765115e+08
1.797086955202034116e+08
1.803776552373518050e+08
1.810330177319966257e+08
1.816718161314660907e+08
1.821682192993680537e+08
1.823777083788297176e+08
1.823689098511628509e+08
1.822990768774332106e+08
1.822635293051837683e+08
1.823912291138466299e+08
1.826725487683435977e+08
1.829899982764092088e+08
1.832826583026505113e+08
1.836381337514689863e+08
1.841404886835792661e+08
1.848152040106359124e+08
1.856207691090727448e+08
1.865003846751721203e+08
1.874712434404450953e+08
1.885018664369472265e+08
1.893199123669627011e+08
1.896173063787801564e+08
1.893080277670295835e+08
1.887205694281395376e+08
1.882224392321963012e+08
1.879136590157310963e+08
1.877899710841479301e+08
1.878077719335099757e+08
1.878829531340430677e+08
1.880040448641752303e+08
1.882931616997466385e+08
1.886948286630548239e+08
1.891081445962948501e+08
1.894996063409345150e+08
1.899700302531193495e+08
1.906068200352615118e+08
1.914049064376249909e+08
1.920864323563266397e+08
1.925272000182982385e+08
1.927777040739935935e+08
1.928270098887150884e+08
1.926874641148709655e+08
1.923971908356622458e+08
1.920255387542233169e+08
1.916378807575977743e+08
1.912802355050082207e+08
1.909676000407173634e+08
1.906929977973627150e+08
1.904739997763241529e+08
1.903823035502289534e+08
1.904121392197647393e+08
1.905608268709105551e+08
1.907697218591769636e+08
1.910237025075331926e+08
1.912746624907397330e+08
1.914533512154629827e+08
1.916048991386695802e+08
1.917693866600233018e+08
1.917965397514140904e+08
1.916012834024545252e+08
1.913547965626071990e+08
1.911562208278151453e+08
1.910335127374577224e+08
1.909538668866764009e+08
1.908817705582416952e+08
1.908602854394760728e+08
1.909279509169888496e+08
1.910719125889686644e+08
1.912662820633324683e+08
1.914870710704573095e+08
1.918278972229867876e+08
1.922150060413972437e+08
1.926413694115925133e+08
1.931754444112612903e+08
1.935101350939037502e+08
1.935671695674498379e+08
1.935686180765173435e+08
1.934618055416649580e+08
1.932782982878739536e+08
1.930647213792258203e+08
1.928510339066282213e+08
1.926452653024859726e+08
1.924507087279404104e+08
1.923117947545605004e+08
1.922372571133747995e+08
1.922193363265731335e+08
1.922570365383439660e+08
1.923274880260034204e+08
1.924631072158035338e+08
1.927425477601082325e+08
1.930649796107103229e+08
1.934074962501200140e+08
1.937394839661271274e+08
1.940869361055594683e+08
1.944920381732203066e+08
1.949740850100546479e+08
1.954848909282816947e+08
1.957407206704754531e+08
1.958233968797241449e+08
1.958678728898515105e+08
1.958612552819085121e+08
1.958035403408806324e+08
1.957587872241242528e+08
1.957579738164325058e+08
1.958138570010428727e+08
1.959098607155633569e+08
1.960436482772942185e+08
1.962896752182912529e+08
1.966053929342863560e+08
1.969521455981082916e+08
1.971454139174064994e+08
1.972676356642573476e+08
1.973559104441672862e+08
1.973889270897716284e+08
1.973327897780801058e+08
1.972592265683878958e+08
1.972322767433470786e+08
1.972864298157186806e+08
1.974105266239479780e+08
1.975810917905360460e+08
1.978116736949528754e+08
1.981167866785152853e+08
1.984622002665815353e+08
1.987829489027657211e+08
1.990706873472497463e+08
1.994101982805081010e+08
1.997789996489136517e+08
2.000253496850571930e+08
2.000294040434937477e+08
1.998768262893151045e+08
1.997092984555574656e+08
1.995988197983189821e+08
1.995622525168671608e+08
1.995677110219954252e+08
1.996044216088915169e+08
1.996711484054706991e+08
1.997880161951208413e+08
1.999614731903197467e+08
2.001770335479400158e+08
2.003844380317161083e+08
2.005350345088475943e+08
2.006378204814717472e+08
2.007368616482892931e+08
2.007865459717991948e+08
2.007583271064703465e+08
2.007184319221154153e+08
2.006956900314926505e+08
2.006542453184909821e+08
2.005696249480452240e+08
2.004759348608110845e+08
2.004191577435316741e+08
2.004181333187277019e+08
2.004825009258967340e+08
2.006316131661324799e+08
2.008534477628564239e+08
2.011303372083982527e+08
2.014498558205285668e+08
2.017356250576888025e+08
2.020062931768373847e+08
2.022873103598348200e+08
2.024844703981704712e+08
2.025316144574726820e+08
2.024651203246284425e+08
2.023221669323680103e+08
2.021860275384557843e+08
2.021125032167371213e+08
2.021100316425545216e+08
2.021745950722119808e+08
2.022932001763177812e+08
2.024501320471792817e+08
2.026302597353778481e+08
2.027778700930243134e+08
2.028302762219254971e+08
2.028200306148005426e+08
2.027859474920333624e+08
2.027364675698877573e+08
2.027585037277311385e+08
2.027786200953732729e+08
2.028002952089662254e+08
2.028735699227494597e+08
2.029968675431422293e+08
2.031354261290182769e+08
2.033477952439970076e+08
2.036314549354420006e+08
