1.068967896222282028e+10
1.069189609739142227e+10
1.069849797552252388e+10
1.070953413153690338e+10
1.072493781977681541e+10
1.074477927310110283e+10
1.076898441168804359e+10
1.079753822054980469e+10
1.083033700414942551e+10
1.086746937493185425e+10
1.090872406683507919e+10
1.095404496005385971e+10
1.100333848204328156e+10
1.105643548800327873e+10
1.111313849798007202e+10
1.117331971942812347e+10
1.123673180763819313e+10
1.130291484213400459e+10
1.137179692038944435e+10
1.144288155958498001e+10
1.151592396532239151e+10
1.159061675080047607e+10
1.166675546767116547e+10
1.174412210440768433e+10
1.182241044052845192e+10
1.190136554088973808e+10
1.198079171377060699e+10
1.206035239975822067e+10
1.213966748979666901e+10
1.221843383125853157e+10
1.229623639115044022e+10
1.237248099504645157e+10
1.244672571846074104e+10
1.251829495462074089e+10
1.258610319396995544e+10
1.264934664380700302e+10
1.270637207239478111e+10
1.275494153316026878e+10
1.279123476349421692e+10
1.281085015946501160e+10
1.281074492710651207e+10
1.279023710248602104e+10
1.275167222227056122e+10
1.269884311778892136e+10
1.263487705877086067e+10
1.256187083313764763e+10
1.248129394625709915e+10
1.239416836100152588e+10
1.230115551582807350e+10
1.220279776561182976e+10
1.209945956767262459e+10
1.199146171683513832e+10
1.187902469548261452e+10
1.176218236755170631e+10
1.164100777313864708e+10
1.151538213551173973e+10
1.138513699282244873e+10
1.125109996261996841e+10
1.111476827520128441e+10
1.097772101380821419e+10
1.095090458056015778e+10
1.088100180053863335e+10
1.082203721645195580e+10
1.076836875613371658e+10
1.070572087547151947e+10
1.064017276995305252e+10
1.057368901697078705e+10
1.050665194227869225e+10
1.043869647281290627e+10
1.037016547144549561e+10
1.030063005010243607e+10
1.022956867718404388e+10
1.015778189342436218e+10
1.008491109530955505e+10
1.001161201802956963e+10
9.936997944247365952e+09
9.861577085412069321e+09
9.785240612479877472e+09
9.708073556196708679e+09
9.630170842853137970e+09
9.551884498535358429e+09
9.473219209847352982e+09
9.393641499637292862e+09
9.313271743716825485e+09
9.233419613850585938e+09
9.152577302297729492e+09
9.071449748838670731e+09
8.989614260728176117e+09
8.906517023082973480e+09
8.809581202816526413e+09
8.686158095466442108e+09
8.543578337158739090e+09
8.397537727990198135e+09
8.231764675904844284e+09
8.063913049944154739e+09
7.896743224260149002e+09
7.760924265014514923e+09
7.633672503009820938e+09
7.528012805972822189e+09
7.442296350731889725e+09
7.372647929856145859e+09
7.313675348251891136e+09
7.257552459273322105e+09
7.207432982782043457e+09
7.163467911672108650e+09
7.120404730716335297e+09
7.078951297922395706e+09
7.040494869693428040e+09
7.000917018556497574e+09
6.959185302006665230e+09
6.920614215319692612e+09
6.883601154365455627e+09
6.845282853296090126e+09
6.806825929168251038e+09
6.769142767388448715e+09
6.732341638725906372e+09
6.696233600202308655e+09
6.658620687671792984e+09
6.622583193585203171e+09
6.591448581037993431e+09
6.560236211490139008e+09
6.529858662344316483e+09
6.501372627377822876e+09
6.475496318219121933e+09
6.449026404128695488e+09
6.424634627058105469e+09
6.401487908942520142e+09
6.381343920612123489e+09
6.363087497376988411e+09
6.346184509844744682e+09
6.328330546381721497e+09
6.311203144788564682e+09
6.297831260348529816e+09
6.284976979852573395e+09
6.274152716688127518e+09
6.264749410055347443e+09
6.256474399616450310e+09
6.249136294476739883e+09
6.241361972982139587e+09
6.235141115486529350e+09
6.228940366694536209e+09
6.224969293316671371e+09
6.221211784615402222e+09
6.217549423173688889e+09
6.214047604019626617e+09
6.211014998478546143e+09
6.207656833185031891e+09
6.204378494042678833e+09
6.202140582375823975e+09
6.200070854246532440e+09
6.198449652923250198e+09
6.197305284526741028e+09
6.196103335354643822e+09
6.194760443558070183e+09
6.192581681033163071e+09
6.191467060186344147e+09
6.190934195445146561e+09
6.189921793136754990e+09
6.189112828946931839e+09
6.188473205034069061e+09
6.188280084194818497e+09
6.188191047451696396e+09
6.188456450178565979e+09
6.189242991196868896e+09
6.189712478962518692e+09
6.189709518311435699e+09
6.189571567390758514e+09
6.189942048045581818e+09
6.190758657953860283e+09
6.191951855941306114e+09
6.192944387660350800e+09
6.193713341363365173e+09
6.195100496782670021e+09
6.196022297119532585e+09
6.197252810696552277e+09
6.198945450099521637e+09
6.200572742117616653e+09
6.202820633518440247e+09
6.205299866626364708e+09
6.207420074876959801e+09
6.209916740358510971e+09
6.211964668551431656e+09
6.214264088243854523e+09
6.216612839877761841e+09
6.218721399827496529e+09
6.220653815777690887e+09
6.222599752329383850e+09
6.224276586142727852e+09
6.226426305814916611e+09
6.228550748646724701e+09
6.230803212703877449e+09
6.232940966169675827e+09
6.235207531462914467e+09
6.237495710265313148e+09
6.239997018232704163e+09
6.242433109811920166e+09
6.244562717735396385e+09
6.247017573991415977e+09
6.249571579933952332e+09
6.252067546431856155e+09
6.254916378281205177e+09
6.257435697554937363e+09
6.259926855900966644e+09
6.262127904858966827e+09
6.264778823992120743e+09
6.267232132175390244e+09
6.269523038158681870e+09
6.272213620415906906e+09
6.274831813557482719e+09
6.277384615610591888e+09
6.280049118922458649e+09
6.282843671907062531e+09
6.285553260551163673e+09
6.288310575881092072e+09
6.291152301101581573e+09
6.294078165357878685e+09
6.296923746393392563e+09
6.299835792015705109e+09
6.302671878869678497e+09
6.305474160434122086e+09
6.308301327185682297e+09
6.311083184689107895e+09
6.313830692340187073e+09
6.316672564095882416e+09
6.319361000217939377e+09
6.322056033677005768e+09
6.324624688864271164e+09
6.327300382173815727e+09
6.329861092155370712e+09
6.332400310941703796e+09
6.334691786699897766e+09
6.337099726323584557e+09
6.339446624882030487e+09
6.341790600332148552e+09
6.344070199439804077e+09
6.346337242217008591e+09
6.348401795649885178e+09
6.350399502689198494e+09
6.352391662060639381e+09
6.354301448825830460e+09
6.356219678088899612e+09
6.358004903186319351e+09
6.359651816320827484e+09
6.361124879453518867e+09
6.362491982010149002e+09
6.363693573149519920e+09
6.364818194171833038e+09
6.365815052569295883e+09
6.366663607093530655e+09
6.367317516136520386e+09
6.367807635104046822e+09
6.368103537307498932e+09
6.368377068060074806e+09
6.368441051910101891e+09
6.368361954019546509e+09
6.367986553455108643e+09
6.367502611791190147e+09
6.366915976009441376e+09
6.366161782865632057e+09
6.365258636030515671e+09
6.364156618190599442e+09
6.363097011110192299e+09
6.361851724822025299e+09
6.360548085382164001e+09
6.359130969313873291e+09
6.357614784095948219e+09
6.355934703732145309e+09
6.354247099950782776e+09
6.352499324659376144e+09
6.350684559658542633e+09
6.348776644257901192e+09
6.346852180217558861e+09
6.344897747901868820e+09
6.342842896846598625e+09
6.340705534519890785e+09
6.338490096996526718e+09
6.336197861498136520e+09
6.333894894821936607e+09
6.331547854025705338e+09
6.329103732651679039e+09
6.326590833058029175e+09
6.324005473170519829e+09
6.321388959244422913e+09
6.318697344155603409e+09
6.315927858950565338e+09
6.313070222728428841e+09
6.310146237627794266e+09
6.307212542022285461e+09
6.304163927067415237e+09
6.301101312855581284e+09
6.297976095777839661e+09
6.294634319074255943e+09
6.291320312794939041e+09
6.287957535041913033e+09
6.284517205269373894e+09
6.281001198714619637e+09
6.277410752043066025e+09
6.273678063969262123e+09
6.269922139280267715e+09
6.266105772854124069e+09
6.262135705817565918e+09
6.258089178481623650e+09
6.254061677750070572e+09
6.249866035731073380e+09
6.245563497453618050e+09
6.241261822042504311e+09
6.236600588722638130e+09
6.231923497071240425e+09
6.227058289951929092e+09
6.222365047072648048e+09
6.217562153035270691e+09
6.212646142094026566e+09
6.208005515106059074e+09
6.203167429781082153e+09
6.197351265150917053e+09
6.186468331068890572e+09
6.175583731160534859e+09
6.166280196410327911e+09
6.158200908290360451e+09
6.150612321631689072e+09
6.143483092055223465e+09
6.135303561270881653e+09
6.125520146816822052e+09
6.113639673392199516e+09
6.101644975767931938e+09
6.089448339329757690e+09
6.077090918139812469e+09
6.065301388045367241e+09
6.055193744748903275e+09
6.045482467690414429e+09
6.036584896829924583e+09
6.027393625246264458e+09
6.018688016061515808e+09
6.010065327256781578e+09
6.001155651829762459e+09
5.992640481586473465e+09
5.984153270544057846e+09
5.976173953087070465e+09
5.968311434210789680e+09
5.959753622311800003e+09
5.951717560711988449e+09
5.942791330765354156e+09
5.934416210972319603e+09
5.926074466047934532e+09
5.918270590575217247e+09
5.910767493225008965e+09
5.903101097945671082e+09
5.895456788619590759e+09
5.888236842840993881e+09
5.880729215760111809e+09
5.873517394410572052e+09
5.865954913677886009e+09
5.858627557215392113e+09
5.851979105753968239e+09
5.845143711898859024e+09
5.838341515354600906e+09
5.831425742976301193e+09
5.824230777378757477e+09
5.817248686317530632e+09
5.809530722768438339e+09
5.801253753639823914e+09
5.793024122458625793e+09
5.785359681988538742e+09
5.778350118834579468e+09
5.771324158439169884e+09
5.764675712867101669e+09
5.759010768959932327e+09
5.753893824845343590e+09
5.749323959468050003e+09
5.744690435606328011e+09
5.740111444779936790e+09
5.735911729996708870e+09
5.731451417347659111e+09
5.726848614941854477e+09
5.722509580716070175e+09
